"Number of Particles" "Sprites per particle" "Step time" "Emission time" "Rendering time" "LBM step time" "Update time" "FPS"
20 1 0.021883 0.000113 0.000833 0.020909 2.8e-05 1
40 1 0.022048 0.000408 0.00064 0.020949 5.1e-05 1
60 1 0.022177 0.000392 0.000816 0.020878 9.1e-05 1
80 1 0.022554 0.000386 0.001114 0.020907 0.000147 1
100 1 0.022666 0.00038 0.001229 0.020858 0.000199 1
120 1 0.023082 0.000395 0.001456 0.020963 0.000268 1
140 1 0.02326 0.000389 0.001653 0.020869 0.000349 1
160 1 0.023581 0.000398 0.001856 0.020884 0.000443 1
180 1 0.023928 0.000397 0.002118 0.020864 0.000549 1
200 1 0.02417 0.000402 0.002246 0.020866 0.000656 1
220 1 0.02455 0.000403 0.002449 0.020924 0.000774 1
240 1 0.024837 0.000402 0.002663 0.020863 0.000909 1
260 1 0.025241 0.000406 0.002874 0.020901 0.00106 1
280 1 0.025549 0.000405 0.003059 0.020871 0.001214 1
300 1 0.025985 0.000418 0.003332 0.020855 0.00138 1
320 1 0.026267 0.000408 0.003461 0.020855 0.001543 1
340 1 0.02672 0.000406 0.003707 0.020874 0.001733 1
360 1 0.027074 0.000409 0.003821 0.020907 0.001937 1
380 1 0.02744 0.000407 0.004042 0.020852 0.002139 1
400 1 0.027961 0.000414 0.004323 0.020868 0.002356 1
420 1 0.028354 0.000408 0.004459 0.020901 0.002586 1
440 1 0.028751 0.0004 0.004667 0.020858 0.002826 1
460 1 0.029211 0.000402 0.004863 0.020872 0.003074 1
480 1 0.030388 0.000404 0.005174 0.021476 0.003334 1
500 1 0.030255 0.000391 0.005331 0.020911 0.003622 1
520 1 0.030761 0.000396 0.00554 0.020927 0.003898 1
540 1 0.031213 0.000389 0.005748 0.020843 0.004233 1
560 1 0.031729 0.000405 0.005915 0.020865 0.004544 1
580 1 0.032208 0.000386 0.006137 0.020841 0.004844 1
600 1 0.032909 0.000405 0.006348 0.020992 0.005164 1
620 1 0.033439 0.000472 0.006588 0.020871 0.005508 1
640 1 0.033855 0.000385 0.006753 0.020874 0.005843 1
660 1 0.0344 0.000406 0.006915 0.020848 0.006231 1
680 1 0.034935 0.000378 0.007139 0.020846 0.006572 1
700 1 0.035603 0.0004 0.007408 0.020848 0.006947 1
720 1 0.036193 0.000378 0.00764 0.020893 0.007282 1
740 1 0.036803 0.000376 0.0079 0.020833 0.007694 1
760 1 0.037476 0.000385 0.008103 0.020844 0.008144 1
780 1 0.038055 0.000391 0.008181 0.020846 0.008637 1
800 1 0.038672 0.000376 0.008436 0.020898 0.008962 1
820 1 0.039335 7.1e-05 0.009034 0.020834 0.009396 1
840 1 0.039998 8.5e-05 0.009161 0.020846 0.009906 1
860 1 0.040704 0.000226 0.009265 0.020884 0.010329 1
880 1 0.041295 0.000378 0.009213 0.020855 0.010849 1
900 1 0.041969 0.00038 0.009379 0.020925 0.011285 1
920 1 0.042631 0.000376 0.009594 0.020845 0.011816 1
940 1 0.043449 0.000378 0.009892 0.020835 0.012344 1
960 1 0.04405 0.00037 0.009977 0.020864 0.012839 1
980 1 0.044848 0.000376 0.01023 0.020863 0.013379 32
1000 1 0.045604 0.000377 0.010455 0.02085 0.013922 32
1020 1 0.046354 0.000383 0.01062 0.020949 0.014402 32
1040 1 0.047142 0.000381 0.010905 0.020851 0.015005 32
1060 1 0.047965 0.000379 0.011162 0.020837 0.015587 32
1080 1 0.048912 0.000381 0.011295 0.020877 0.016359 32
1100 1 0.04964 0.000364 0.011553 0.020922 0.016801 32
1120 1 0.050299 0.000388 0.011681 0.020862 0.017368 32
1140 1 0.051173 0.000387 0.011945 0.020849 0.017992 32
1160 1 0.05201 0.000384 0.012161 0.020874 0.018591 32
1180 1 0.052902 0.000381 0.012426 0.020859 0.019236 32
1200 1 0.053626 0.000222 0.012605 0.020915 0.019884 32
1220 1 0.054542 0.000383 0.012713 0.020922 0.020524 32
1240 1 0.05542 0.000383 0.012977 0.020862 0.021198 32
1260 1 0.056369 0.000384 0.013196 0.020836 0.021953 32
1280 1 0.057233 0.000384 0.013441 0.020848 0.02256 32
1300 1 0.058237 0.000388 0.013671 0.020853 0.023325 32
1320 1 0.059096 0.000383 0.013752 0.020957 0.024004 32
1340 1 0.060123 0.000388 0.01412 0.020837 0.024778 32
1360 1 0.060871 0.000391 0.014146 0.020863 0.025471 32
1380 1 0.062014 0.000386 0.014354 0.020899 0.026375 32
1400 1 0.062925 0.000361 0.014735 0.02086 0.026969 32
1420 1 0.063824 0.000375 0.014847 0.020837 0.027765 32
1440 1 0.065083 0.000395 0.015087 0.020846 0.028755 32
1460 1 0.065875 0.000364 0.015346 0.020839 0.029326 32
1480 1 0.06684 0.000377 0.015497 0.020849 0.030117 32
1500 1 0.067776 0.000392 0.015615 0.020856 0.030913 32
1520 1 0.06886 0.000384 0.015849 0.020861 0.031766 18
1540 1 0.070001 0.000368 0.016146 0.02089 0.032597 18
1560 1 0.070944 0.000388 0.016319 0.020838 0.033399 18
1580 1 0.072112 0.000382 0.016568 0.020966 0.034196 18
1600 1 0.073034 0.000385 0.016717 0.020884 0.035048 18
1620 1 0.074071 0.000379 0.01685 0.020826 0.036016 18
1640 1 0.075242 0.000382 0.017185 0.020907 0.036768 18
1660 1 0.076456 0.000368 0.017368 0.020981 0.037739 18
1680 1 0.077465 0.000372 0.017591 0.020907 0.038595 18
1700 1 0.078605 0.000377 0.017858 0.020876 0.039494 18
1720 1 0.079859 0.00038 0.018097 0.020848 0.040534 18
1740 1 0.080794 0.000392 0.018205 0.020841 0.041356 18
1760 1 0.082069 0.000364 0.018529 0.020837 0.042339 18
1780 1 0.083155 0.000384 0.018588 0.020847 0.043336 18
1800 1 0.084361 0.000385 0.018847 0.020868 0.044261 18
1820 1 0.085532 0.000376 0.019115 0.020848 0.045193 18
1840 1 0.086779 0.000389 0.019354 0.020849 0.046187 18
1860 1 0.087984 0.000378 0.019563 0.020913 0.04713 18
1880 1 0.089115 0.000386 0.019705 0.020851 0.048173 18
1900 1 0.092511 0.000462 0.022021 0.020844 0.049184 13
1920 1 0.091919 0.000394 0.020455 0.020854 0.050216 13
1940 1 0.092785 0.000403 0.02028 0.020884 0.051218 13
1960 1 0.094307 0.000381 0.020765 0.020881 0.05228 13
1980 1 0.096917 0.000458 0.022226 0.020882 0.053351 13
2000 1 0.096645 0.000379 0.020969 0.020846 0.054451 13
2020 1 0.097958 0.000372 0.021111 0.020857 0.055618 13
2040 1 0.099176 0.000394 0.021318 0.020859 0.056605 13
2060 1 0.100655 0.000395 0.02172 0.020839 0.057701 13
2080 1 0.101855 0.000382 0.021782 0.02084 0.058851 13
2100 1 0.103122 0.000373 0.021926 0.020876 0.059947 13
2120 1 0.105246 0.000392 0.022192 0.021581 0.061081 13
2140 1 0.105966 0.000377 0.022418 0.020841 0.06233 13
2160 1 0.107516 0.000369 0.022764 0.020982 0.063401 13
2180 1 0.108679 0.000378 0.022769 0.020949 0.064583 13
2200 1 0.11015 0.000395 0.023032 0.020969 0.065754 13
2220 1 0.11145 0.000381 0.023302 0.020835 0.066932 10
2240 1 0.112846 0.00038 0.023443 0.020887 0.068136 10
2260 1 0.114315 0.000385 0.023631 0.020926 0.069373 10
2280 1 0.115667 0.000385 0.023844 0.020851 0.070587 10
2300 1 0.11717 0.000383 0.024093 0.020833 0.071861 10
2320 1 0.119089 0.000384 0.024354 0.020906 0.073445 10
2340 1 0.120091 0.00035 0.024616 0.020832 0.074293 10
2360 1 0.121549 0.000389 0.024653 0.020974 0.075533 10
2380 1 0.123014 0.000376 0.024942 0.020838 0.076858 10
2400 1 0.124706 0.000374 0.025109 0.02086 0.078363 10
2420 1 0.126284 0.000386 0.025412 0.020835 0.079651 10
2440 1 0.127708 0.000392 0.025481 0.02092 0.080915 10
2460 1 0.129596 0.00039 0.025842 0.020844 0.08252 10
2480 1 0.132264 0.000377 0.026218 0.020847 0.084822 9
2500 1 0.133687 0.000376 0.026346 0.020866 0.086099 9
2520 1 0.135866 0.000382 0.02647 0.020843 0.088171 9
2540 1 0.137419 0.000374 0.0266 0.02088 0.089565 9
2560 1 0.138967 0.000382 0.026849 0.02085 0.090886 9
2580 1 0.141595 0.000392 0.027064 0.020844 0.093295 9
2600 1 0.143396 0.000386 0.027318 0.020843 0.094849 9
2620 1 0.145086 0.000372 0.027516 0.020834 0.096364 9
2640 1 0.147002 0.000378 0.027889 0.020953 0.097782 9
2660 1 0.148911 0.000372 0.02781 0.020906 0.099823 9
2680 1 0.150883 0.000395 0.028068 0.020882 0.101538 9
2700 1 0.152409 0.00038 0.02822 0.020895 0.102914 8
2720 1 0.154859 0.000381 0.028437 0.020888 0.105153 8
2740 1 0.157315 0.000391 0.028671 0.020834 0.107419 8
2760 1 0.158928 0.000442 0.028805 0.020895 0.108786 8
2780 1 0.160572 0.000375 0.029268 0.02083 0.110099 8
2800 1 0.162989 0.000392 0.02937 0.020896 0.112331 8
2820 1 0.165082 0.000387 0.029514 0.020884 0.114297 8
2840 1 0.167956 0.000391 0.029793 0.020842 0.11693 8
2860 1 0.170804 0.000453 0.029935 0.020894 0.119522 8
2880 1 0.172373 0.000374 0.030166 0.02086 0.120973 8
2900 1 0.173843 0.000378 0.030382 0.020832 0.122251 7
2920 1 0.17681 0.00039 0.030508 0.020893 0.125019 7
2940 1 0.179397 0.000377 0.030806 0.020899 0.127315 7
2960 1 0.181457 0.000385 0.030887 0.020841 0.129344 7
2980 1 0.185114 0.000371 0.031117 0.020868 0.132758 7
3000 1 0.187923 0.000379 0.0319 0.020965 0.134679 7
3020 1 0.190032 0.000382 0.031581 0.020834 0.137235 7
3040 1 0.192924 0.000223 0.031885 0.020852 0.139964 7
3060 1 0.196159 0.000386 0.032143 0.020831 0.142799 7
3080 1 0.200094 0.000398 0.03222 0.020859 0.146617 6
3100 1 0.202436 0.000375 0.032395 0.020851 0.148815 6
3120 1 0.205634 0.00038 0.032705 0.020847 0.151702 6
3140 1 0.208124 0.00037 0.03288 0.020833 0.154041 6
3160 1 0.210172 0.000383 0.033221 0.020846 0.155722 6
3180 1 0.211745 0.000383 0.033157 0.020841 0.157364 6
3200 1 0.215376 0.000376 0.033597 0.020955 0.160448 6
3220 1 0.217206 0.000382 0.033818 0.020879 0.162127 6
3240 1 0.219974 0.000381 0.03393 0.020913 0.16475 5
3260 1 0.223223 0.000368 0.034146 0.020849 0.16786 5
3280 1 0.225915 0.000362 0.03433 0.020844 0.170379 5
3300 1 0.228546 0.00037 0.034582 0.020832 0.172762 5
3320 1 0.230571 0.00037 0.034809 0.020996 0.174396 5
3340 1 0.234368 0.000373 0.034874 0.020845 0.178276 5
3360 1 0.23818 0.000385 0.035187 0.020932 0.181676 5
3380 1 0.243737 0.000515 0.036929 0.020857 0.185436 5
3400 1 0.247329 0.000431 0.035521 0.020994 0.190383 5
3420 1 0.254349 0.000379 0.035857 0.020906 0.197207 5
3440 1 0.258989 0.000377 0.03598 0.020912 0.20172 5
3460 1 0.262482 0.000366 0.036595 0.020831 0.20469 5
3480 1 0.265554 0.000381 0.036464 0.020916 0.207793 5
3500 1 0.268489 0.000222 0.036627 0.020842 0.210798 4
3520 1 0.271163 0.00039 0.037257 0.020849 0.212667 4
3540 1 0.274115 0.000372 0.037255 0.020845 0.215643 4
3560 1 0.279863 0.000361 0.03935 0.02085 0.219302 4
3580 1 0.284567 0.000376 0.039561 0.020848 0.223782 4
3600 1 0.292522 0.000377 0.040991 0.020847 0.230307 4
3620 1 0.296794 0.000363 0.04112 0.020877 0.234434 4
3640 1 0.300076 0.000377 0.041768 0.020847 0.237084 4
3660 1 0.307827 0.000377 0.043168 0.020878 0.243404 4
3680 1 0.313318 0.000374 0.043495 0.020857 0.248592 4
3700 1 0.317777 0.000379 0.045505 0.020833 0.25106 4
3720 1 0.32097 0.000384 0.045879 0.020961 0.253746 4
3740 1 0.318379 0.000375 0.042747 0.020826 0.254431 4
3760 1 0.329261 0.000382 0.047919 0.020889 0.260071 4
3780 1 0.333041 0.000369 0.046879 0.020834 0.264959 4
3800 1 0.341175 0.000392 0.04806 0.020878 0.271845 4
3820 1 0.344778 0.000383 0.051754 0.020842 0.271799 4
3840 1 0.34997 0.000373 0.051596 0.02084 0.277161 4
3860 1 0.353687 0.000369 0.047309 0.021011 0.284998 4
3880 1 0.361355 0.000372 0.051629 0.020841 0.288513 4
3900 1 0.369916 0.000379 0.053941 0.020825 0.294771 4
3920 1 0.374428 0.000377 0.055886 0.020836 0.297329 3
3940 1 0.377654 0.000382 0.054129 0.020888 0.302255 3
3960 1 0.381094 0.000385 0.052538 0.02086 0.307311 3
3980 1 0.384181 0.000377 0.051449 0.020835 0.31152 3
4000 1 0.391428 0.000365 0.053008 0.020843 0.317212 3
4020 1 0.397694 0.000367 0.055475 0.020871 0.320981 3
4040 1 0.406768 0.000372 0.058219 0.020879 0.327298 3
4060 1 0.410347 0.000391 0.056708 0.020828 0.33242 3
4080 1 0.41387 0.00038 0.056898 0.020842 0.33575 3
4100 1 0.422615 0.000381 0.057388 0.020869 0.343977 3
4120 1 0.430383 0.000371 0.0569 0.020858 0.352254 3
4140 1 0.432509 0.000359 0.056223 0.020828 0.355099 3
4160 1 0.439821 0.000358 0.056988 0.02087 0.361605 3
4180 1 0.446104 6.7e-05 0.057108 0.020829 0.3681 3
4200 1 0.457514 0.00037 0.059324 0.020847 0.376973 3
4220 1 0.468361 0.000372 0.062427 0.020827 0.384735 3
4240 1 0.483765 0.00037 0.06483 0.020868 0.397697 3
4260 1 0.491117 0.000372 0.066205 0.020831 0.403709 3
4280 1 0.498384 0.00037 0.062474 0.020837 0.414703 3
4300 1 0.502165 0.000365 0.064238 0.020824 0.416738 3
4320 1 0.513272 0.000436 0.067672 0.02084 0.424324 3
4340 1 0.524204 0.000381 0.066722 0.020878 0.436223 3
4360 1 0.532301 0.000388 0.064228 0.020851 0.446834 3
4380 1 0.547466 0.000368 0.069072 0.020826 0.4572 2
4400 1 0.557084 0.000366 0.068878 0.020927 0.466913 2
4420 1 0.56061 0.000374 0.065185 0.020831 0.47422 2
4440 1 0.577013 0.000357 0.070911 0.020839 0.484906 2
4460 1 0.586784 8e-05 0.070743 0.020827 0.495134 2
4480 1 0.593196 0.000377 0.070901 0.020839 0.501079 2
4500 1 0.605673 0.000368 0.072136 0.020849 0.51232 2
4520 1 0.606404 0.000363 0.068605 0.020841 0.516595 2
4540 1 0.619477 7.1e-05 0.074386 0.020873 0.524147 2
4560 1 0.629677 0.000377 0.070359 0.020881 0.53806 2
4580 1 0.638324 0.00037 0.073948 0.020931 0.543075 2
4600 1 0.640205 0.000364 0.072376 0.02085 0.546615 2
4620 1 0.652007 0.000369 0.07514 0.020821 0.555677 2
4640 1 0.654546 0.000364 0.073891 0.020936 0.559355 2
4660 1 0.6712 0.000386 0.075633 0.020833 0.574348 2
4680 1 0.678842 0.000356 0.076755 0.020834 0.580897 2
4700 1 0.681146 0.000366 0.074031 0.020832 0.585917 2
4720 1 0.692437 0.000365 0.077555 0.020846 0.593671 2
4740 1 0.705126 0.000369 0.078416 0.020874 0.605467 2
4760 1 0.706653 0.000369 0.075332 0.020874 0.610078 2
4780 1 0.725439 0.000362 0.07949 0.020822 0.624765 2
4800 1 0.728568 0.00037 0.080057 0.020844 0.627297 2
4820 1 0.730824 0.00037 0.07906 0.020868 0.630526 2
4840 1 0.742378 0.000224 0.077857 0.020832 0.643465 2
4860 1 0.753593 0.000362 0.078281 0.020836 0.654114 2
4880 1 0.76728 0.000378 0.080347 0.02083 0.665725 2
4900 1 0.77354 0.00037 0.080798 0.020821 0.671551 2
4920 1 0.785173 0.000353 0.081576 0.020846 0.682398 2
4940 1 0.790212 0.000361 0.080699 0.020832 0.68832 2
4960 1 0.800127 0.000352 0.079622 0.020897 0.699256 2
4980 1 0.809726 0.000358 0.080049 0.020822 0.708497 2
5000 1 0.822194 0.000364 0.082784 0.020871 0.718175 2
