"Number of Particles" "Sprites per particle" "Step time" "Emission time" "Rendering time" "LBM step time" "Update time" "FPS"
20 1 0.04012 0.00021 0.018638 0.021238 3.4e-05 1
40 1 0.035958 0.000153 0.014547 0.021198 6e-05 1
60 1 0.036629 0.000146 0.015116 0.021268 9.9e-05 1
80 1 0.036567 0.000167 0.014947 0.021303 0.00015 1
100 1 0.034491 0.000185 0.012884 0.021214 0.000208 1
120 1 0.03228 0.000173 0.010613 0.021213 0.000281 1
140 1 0.033469 0.000173 0.011075 0.021855 0.000366 1
160 1 0.033153 0.000172 0.011173 0.021347 0.000461 1
180 1 0.036044 0.000162 0.014019 0.021293 0.00057 1
200 1 0.033609 0.000161 0.011533 0.021227 0.000688 1
220 1 0.034256 0.000177 0.01205 0.021212 0.000817 1
240 1 0.034512 0.000174 0.012126 0.021261 0.000951 1
260 1 0.035064 0.000175 0.012584 0.021211 0.001094 1
280 1 0.035327 0.000168 0.012688 0.021225 0.001246 1
300 1 0.035902 0.000163 0.012993 0.021336 0.00141 1
320 1 0.036249 0.000175 0.013209 0.021273 0.001592 1
340 1 0.036582 0.000163 0.013407 0.021226 0.001786 1
360 1 0.037042 0.000181 0.013654 0.021209 0.001998 1
380 1 0.037981 0.000164 0.014288 0.021266 0.002263 1
400 1 0.037983 0.000186 0.014097 0.021266 0.002434 1
420 1 0.038628 0.000162 0.01459 0.02121 0.002666 1
440 1 0.038892 0.00017 0.014618 0.021214 0.00289 1
460 1 0.041878 0.000168 0.017242 0.021213 0.003255 1
480 1 0.039767 0.000154 0.014971 0.021205 0.003437 1
500 1 0.040471 0.000163 0.015307 0.021286 0.003715 1
520 1 0.041023 0.000152 0.015665 0.021199 0.004007 1
540 1 0.041712 0.000147 0.015872 0.021354 0.004339 1
560 1 0.041955 0.000147 0.015971 0.021204 0.004633 1
580 1 0.042867 0.000155 0.016325 0.021452 0.004935 1
600 1 0.043399 0.000158 0.016696 0.021207 0.005338 1
620 1 0.044033 0.000154 0.016973 0.021267 0.005639 1
640 1 0.044526 0.000152 0.017107 0.021201 0.006066 1
660 1 0.045259 0.00016 0.017252 0.021443 0.006404 1
680 1 0.045586 0.000152 0.017512 0.021208 0.006714 1
700 1 0.04652 0.000167 0.017809 0.021404 0.00714 1
720 1 0.046943 0.000149 0.018007 0.021216 0.007571 1
740 1 0.047616 0.000153 0.018271 0.021209 0.007983 1
760 1 0.048378 0.00016 0.018594 0.021219 0.008405 1
780 1 0.049149 0.000162 0.018892 0.021256 0.008839 1
800 1 0.04987 0.000166 0.019211 0.021206 0.009287 26
820 1 0.050504 0.000158 0.019378 0.021225 0.009743 26
840 1 0.051364 0.000159 0.019759 0.021216 0.01023 26
860 1 0.052083 0.000161 0.019937 0.021201 0.010784 26
880 1 0.052825 0.000158 0.020236 0.02122 0.011211 26
900 1 0.053541 0.000165 0.020468 0.021254 0.011654 26
920 1 0.054317 0.00016 0.020634 0.021275 0.012248 26
940 1 0.055255 0.000156 0.02114 0.021222 0.012737 26
960 1 0.055839 0.000162 0.02118 0.021204 0.013293 26
980 1 0.056666 0.000154 0.021502 0.021197 0.013813 26
1000 1 0.057546 0.000159 0.021574 0.021355 0.014458 26
1020 1 0.058327 0.000154 0.021916 0.021294 0.014963 26
1040 1 0.059238 0.000152 0.022089 0.021462 0.015535 26
1060 1 0.060082 0.000133 0.022611 0.021211 0.016127 26
1080 1 0.060824 0.000154 0.022723 0.021215 0.016732 26
1100 1 0.061538 0.000222 0.022756 0.021207 0.017353 26
1120 1 0.062598 0.000153 0.023173 0.021342 0.01793 26
1140 1 0.063404 0.000162 0.023434 0.021243 0.018565 26
1160 1 0.06415 0.000157 0.023536 0.021216 0.019241 26
1180 1 0.0651 0.00016 0.023825 0.021217 0.019898 26
1200 1 0.066036 0.000168 0.024091 0.021209 0.020568 26
1220 1 0.0668 0.000157 0.0242 0.021208 0.021235 26
1240 1 0.067955 0.00016 0.024674 0.021204 0.021917 26
1260 1 0.068856 0.000155 0.024867 0.021205 0.022629 26
1280 1 0.069605 0.00016 0.024898 0.02127 0.023277 26
1300 1 0.070715 0.000161 0.025288 0.021268 0.023998 26
1320 1 0.072118 0.000151 0.025788 0.021275 0.024904 17
1340 1 0.072688 0.000151 0.025747 0.021208 0.025582 17
1360 1 0.073739 0.000157 0.02611 0.021254 0.026218 17
1380 1 0.074861 0.000153 0.026452 0.021206 0.02705 17
1400 1 0.075852 0.000166 0.026624 0.021264 0.027798 17
1420 1 0.077087 0.000152 0.027 0.02135 0.028585 17
1440 1 0.077962 0.000158 0.027235 0.0212 0.029369 17
1460 1 0.078923 0.000155 0.027384 0.021253 0.030131 17
1480 1 0.080062 0.000156 0.027667 0.021266 0.030973 17
1500 1 0.081248 0.00016 0.02784 0.021234 0.032014 17
1520 1 0.082548 0.000158 0.028304 0.021226 0.03286 17
1540 1 0.083562 0.000158 0.028504 0.021205 0.033695 17
1560 1 0.08478 0.000154 0.028872 0.021211 0.034543 17
1580 1 0.085971 0.000152 0.029162 0.021249 0.035408 17
1600 1 0.087168 0.000156 0.029457 0.021224 0.036331 17
1620 1 0.087983 0.000168 0.029385 0.021256 0.037174 17
1640 1 0.089221 0.000152 0.029753 0.021239 0.038077 17
1660 1 0.090535 0.000155 0.030087 0.021264 0.039029 17
1680 1 0.091609 0.000154 0.030358 0.021213 0.039884 17
1700 1 0.092821 0.000154 0.030563 0.021206 0.040898 13
1720 1 0.094098 0.000168 0.030899 0.021202 0.041829 13
1740 1 0.095327 0.000161 0.031071 0.02134 0.042755 13
1760 1 0.096615 0.000152 0.031363 0.021305 0.043795 13
1780 1 0.097881 0.000156 0.031715 0.021236 0.044774 13
1800 1 0.099092 0.000151 0.032017 0.021212 0.045712 13
1820 1 0.101205 0.000166 0.032993 0.021238 0.046808 13
1840 1 0.101515 0.000153 0.032343 0.021295 0.047724 13
1860 1 0.102708 0.000152 0.032582 0.021207 0.048767 13
1880 1 0.10405 0.000157 0.032887 0.02123 0.049776 13
1900 1 0.105613 0.000151 0.033379 0.021244 0.050839 13
1920 1 0.106663 0.000156 0.033438 0.021223 0.051846 13
1940 1 0.108126 0.000151 0.033761 0.021257 0.052957 13
1960 1 0.109325 0.000155 0.033941 0.021203 0.054026 13
1980 1 0.110937 0.000153 0.034133 0.021345 0.055306 13
2000 1 0.112295 0.000157 0.034503 0.021415 0.05622 10
2020 1 0.113356 0.00015 0.034662 0.021265 0.057279 10
2040 1 0.114734 0.000161 0.034781 0.021206 0.058586 10
2060 1 0.116514 0.000151 0.035535 0.021201 0.059627 10
2080 1 0.117779 0.000131 0.035658 0.021207 0.060783 10
2100 1 0.119236 0.000131 0.035825 0.021251 0.062029 10
2120 1 0.120778 0.000152 0.036129 0.021341 0.063156 10
2140 1 0.121986 0.000153 0.036272 0.021232 0.064329 10
2160 1 0.124558 0.000154 0.037219 0.021316 0.065869 10
2180 1 0.125636 0.000154 0.036718 0.021205 0.067559 10
2200 1 0.127411 0.000155 0.037205 0.021262 0.068789 10
2220 1 0.128765 0.000162 0.037382 0.021208 0.070013 10
2240 1 0.130215 0.000154 0.037616 0.021209 0.071236 10
2260 1 0.131741 0.000153 0.037926 0.021206 0.072456 9
2280 1 0.13317 0.000158 0.038123 0.021202 0.073687 9
2300 1 0.134647 0.000153 0.038225 0.021205 0.075064 9
2320 1 0.136527 0.000159 0.038759 0.021209 0.0764 9
2340 1 0.140132 0.000153 0.039015 0.02131 0.079654 9
2360 1 0.141508 0.000152 0.039122 0.02125 0.080984 9
2380 1 0.143206 0.000163 0.039474 0.0212 0.082369 9
2400 1 0.145535 0.000151 0.039668 0.021212 0.084504 9
2420 1 0.14732 0.000167 0.03996 0.021284 0.085909 9
2440 1 0.149056 0.000153 0.040245 0.02122 0.087438 9
2460 1 0.153409 0.000151 0.040473 0.021203 0.091582 9
2480 1 0.155036 0.000157 0.040669 0.021255 0.092955 8
2500 1 0.158061 0.000148 0.041043 0.02123 0.09564 8
2520 1 0.160221 0.000158 0.04118 0.0212 0.097683 8
2540 1 0.161904 0.000152 0.04149 0.021198 0.099064 8
2560 1 0.16357 0.000157 0.041674 0.021211 0.100528 8
2580 1 0.168442 0.000154 0.042033 0.021302 0.104953 8
2600 1 0.169577 0.000153 0.042596 0.021201 0.105627 8
2620 1 0.171224 0.000151 0.042678 0.021208 0.107187 8
2640 1 0.173045 0.000231 0.042699 0.021216 0.108899 8
2660 1 0.17466 0.000151 0.043025 0.021268 0.110216 8
2680 1 0.176802 0.000153 0.043312 0.021194 0.112143 7
2700 1 0.178711 0.000154 0.043627 0.021289 0.113641 7
2720 1 0.180604 0.000149 0.043767 0.021272 0.115416 7
2740 1 0.182792 0.000158 0.044009 0.021341 0.117284 7
2760 1 0.18488 0.000154 0.044151 0.021253 0.119322 7
2780 1 0.187789 0.000153 0.044441 0.021381 0.121814 7
2800 1 0.190022 0.000149 0.044696 0.021441 0.123736 7
2820 1 0.193206 0.000151 0.045089 0.021201 0.126765 7
2840 1 0.195677 0.000159 0.045322 0.021215 0.128981 7
2860 1 0.198823 0.000157 0.045582 0.021348 0.131736 6
2880 1 0.202774 0.000152 0.045896 0.021263 0.135463 6
2900 1 0.206019 0.000157 0.046011 0.021198 0.138653 6
2920 1 0.208404 0.000149 0.046479 0.021219 0.140557 6
2940 1 0.210756 0.000152 0.046721 0.021241 0.142642 6
2960 1 0.213536 0.000154 0.046738 0.021197 0.145447 6
2980 1 0.217858 0.000151 0.047509 0.021234 0.148964 6
3000 1 0.219936 0.00015 0.047424 0.021257 0.151105 6
3020 1 0.221765 0.00015 0.047463 0.02126 0.152892 5
3040 1 0.226456 0.000159 0.047902 0.021209 0.157186 5
3060 1 0.228746 0.000159 0.048051 0.021327 0.159209 5
3080 1 0.231564 0.000153 0.048307 0.021225 0.161879 5
3100 1 0.237624 0.000148 0.049611 0.021196 0.166669 5
3120 1 0.243269 0.000154 0.048826 0.021281 0.173008 5
3140 1 0.245099 0.00015 0.049568 0.021202 0.174179 5
3160 1 0.246586 0.00016 0.049372 0.021209 0.175845 5
3180 1 0.251722 0.000151 0.049779 0.021263 0.180529 5
3200 1 0.260213 0.000157 0.049924 0.02124 0.188892 5
3220 1 0.264327 0.000146 0.050153 0.021195 0.192833 5
3240 1 0.268925 0.000153 0.051358 0.021201 0.196213 5
3260 1 0.269746 0.000155 0.050464 0.021288 0.197839 5
3280 1 0.273301 0.000149 0.051701 0.021205 0.200246 4
3300 1 0.276852 0.000153 0.052347 0.021196 0.203156 4
3320 1 0.281254 0.000151 0.052999 0.021276 0.206828 4
3340 1 0.28554 0.000152 0.054948 0.021199 0.209241 4
3360 1 0.287929 0.000149 0.054668 0.021206 0.211906 4
3380 1 0.294285 0.000152 0.055068 0.021208 0.217857 4
3400 1 0.296827 0.00015 0.056181 0.021309 0.219187 4
3420 1 0.298805 0.000156 0.053312 0.021237 0.2241 4
3440 1 0.302503 0.00015 0.053824 0.021242 0.227287 4
3460 1 0.313294 0.000154 0.054343 0.021209 0.237588 4
3480 1 0.316479 0.000159 0.054538 0.021245 0.240537 4
3500 1 0.317169 0.000148 0.053663 0.021239 0.242119 4
3520 1 0.322495 0.000155 0.05405 0.021362 0.246928 4
3540 1 0.325643 0.000151 0.054577 0.0212 0.249715 4
3560 1 0.326037 0.000149 0.054579 0.021258 0.250051 4
3580 1 0.341325 0.000158 0.05467 0.02121 0.265287 4
3600 1 0.343361 0.000151 0.055228 0.021202 0.26678 4
3620 1 0.347543 0.000151 0.055182 0.021201 0.271009 4
3640 1 0.355558 0.000152 0.057987 0.021258 0.276161 4
3660 1 0.359634 0.000154 0.058478 0.0212 0.279802 4
3680 1 0.365866 0.000159 0.058746 0.021204 0.285757 4
3700 1 0.377013 0.000148 0.060548 0.02153 0.294787 3
3720 1 0.379556 0.000153 0.060889 0.021203 0.297311 3
3740 1 0.387026 0.000149 0.063274 0.021226 0.302377 3
3760 1 0.398695 0.000151 0.067302 0.021244 0.309998 3
3780 1 0.401926 0.000148 0.067845 0.021256 0.312677 3
3800 1 0.412321 0.000155 0.067921 0.021264 0.322981 3
3820 1 0.422406 0.00015 0.069723 0.02126 0.331273 3
3840 1 0.428346 0.000149 0.070031 0.021272 0.336894 3
3860 1 0.433346 0.000149 0.071186 0.021232 0.340779 3
3880 1 0.440867 0.000143 0.072357 0.021258 0.347109 3
3900 1 0.445185 0.000147 0.07358 0.021199 0.350259 3
3920 1 0.451306 0.000152 0.073533 0.021425 0.356196 3
3940 1 0.459822 0.000148 0.074854 0.021207 0.363613 3
3960 1 0.463488 0.000152 0.074704 0.021237 0.367395 3
3980 1 0.46959 0.00015 0.076252 0.021241 0.371947 3
4000 1 0.471896 0.000151 0.075749 0.021213 0.374783 3
4020 1 0.479324 0.000152 0.07559 0.021202 0.38238 3
4040 1 0.482677 0.000158 0.075833 0.02121 0.385476 3
4060 1 0.485385 0.000149 0.077338 0.021201 0.386697 3
4080 1 0.489066 0.00015 0.077191 0.021205 0.39052 3
4100 1 0.495307 0.000147 0.077501 0.021263 0.396396 3
4120 1 0.501085 0.000132 0.076434 0.021239 0.40328 3
4140 1 0.511527 0.000132 0.07806 0.021234 0.412101 3
4160 1 0.520246 0.000133 0.076734 0.021201 0.422178 2
4180 1 0.533174 0.000145 0.077349 0.021195 0.434485 2
4200 1 0.536139 0.000152 0.075872 0.021195 0.43892 2
4220 1 0.54402 0.000145 0.076944 0.021485 0.445446 2
4240 1 0.550465 0.000146 0.076822 0.02122 0.452277 2
4260 1 0.561738 0.00015 0.076779 0.021201 0.463608 2
4280 1 0.567053 0.000149 0.078349 0.021211 0.467344 2
4300 1 0.576218 0.000147 0.078786 0.021215 0.47607 2
4320 1 0.58642 0.000156 0.079592 0.021246 0.485426 2
4340 1 0.596088 0.000146 0.081049 0.021243 0.49365 2
4360 1 0.60343 0.000149 0.080159 0.021249 0.501873 2
4380 1 0.621487 0.000155 0.082487 0.021357 0.517488 2
4400 1 0.628431 0.000146 0.082582 0.021195 0.524508 2
4420 1 0.638001 0.000148 0.083018 0.021207 0.533628 2
4440 1 0.646142 0.000148 0.084661 0.021239 0.540094 2
4460 1 0.663429 0.00016 0.087695 0.021255 0.554319 2
4480 1 0.670933 0.000149 0.089745 0.021254 0.559785 2
4500 1 0.680519 0.000149 0.089378 0.02125 0.569742 2
4520 1 0.691824 0.000149 0.091874 0.021272 0.578529 2
4540 1 0.703493 0.000211 0.095777 0.021255 0.58625 2
4560 1 0.715568 0.000149 0.098046 0.021214 0.596159 2
4580 1 0.727743 0.000152 0.096845 0.021212 0.609534 2
4600 1 0.741226 0.000146 0.098194 0.021254 0.621632 2
4620 1 0.74829 0.000154 0.101517 0.021197 0.625422 2
4640 1 0.76048 0.000149 0.103522 0.021201 0.635608 2
4660 1 0.765501 0.000145 0.102268 0.021203 0.641885 2
4680 1 0.781326 0.000147 0.103315 0.021284 0.65658 2
4700 1 0.785939 0.000149 0.10098 0.021244 0.663566 2
4720 1 0.794911 0.000155 0.097581 0.021249 0.675926 2
4740 1 0.806499 0.00015 0.095273 0.021207 0.689869 2
4760 1 0.81538 0.000148 0.093927 0.021355 0.69995 2
4780 1 0.826156 0.000155 0.095362 0.021269 0.70937 2
4800 1 0.833635 0.000149 0.099691 0.021206 0.712589 2
4820 1 0.84722 0.000156 0.105281 0.021209 0.720574 2
4840 1 0.871616 0.000149 0.109956 0.021211 0.7403 2
4860 1 0.880943 0.000154 0.115164 0.02131 0.744315 2
4880 1 0.886401 0.000186 0.119749 0.021241 0.745225 2
4900 1 0.904525 0.000145 0.114892 0.021278 0.76821 2
4920 1 0.902524 0.000144 0.113782 0.021213 0.767385 2
4940 1 0.923017 0.000183 0.118253 0.021196 0.783385 2
4960 1 0.92761 0.000148 0.109228 0.021213 0.797021 2
4980 1 0.939111 0.000146 0.108097 0.021213 0.809655 2
5000 1 0.946753 0.000155 0.107576 0.021254 0.817768 2
