"Number of Particles" "Sprites per particle" "Step time" "Emission time" "Rendering time" "LBM step time" "Update time" "FPS"
20 1 0.031163 0.000236 0.009842 0.021055 3e-05 1
40 1 0.029212 0.000163 0.007863 0.021128 5.8e-05 1
60 1 0.029285 0.000152 0.007967 0.021068 9.8e-05 1
80 1 0.029706 0.000149 0.00829 0.021112 0.000155 1
100 1 0.029951 0.000167 0.008523 0.021057 0.000204 1
120 1 0.030341 0.000181 0.008706 0.021179 0.000275 1
140 1 0.030715 0.000167 0.008967 0.021223 0.000358 1
160 1 0.030859 0.000183 0.009153 0.021063 0.00046 1
180 1 0.031399 0.000174 0.009611 0.021054 0.00056 1
200 1 0.031648 0.000177 0.00974 0.021056 0.000675 1
220 1 0.029788 0.000177 0.00775 0.021054 0.000807 1
240 1 0.030022 0.000174 0.007861 0.021044 0.000943 1
260 1 0.030605 0.00018 0.008207 0.021121 0.001097 1
280 1 0.030833 0.000155 0.008327 0.021051 0.0013 1
300 1 0.031244 0.000173 0.00861 0.021051 0.00141 1
320 1 0.031749 0.000171 0.008927 0.021065 0.001586 1
340 1 0.032275 0.000173 0.009275 0.02105 0.001777 1
360 1 0.032665 0.000183 0.009444 0.021059 0.001979 1
380 1 0.033179 0.000175 0.009757 0.021053 0.002194 1
400 1 0.033523 0.000164 0.009843 0.021109 0.002407 1
420 1 0.034209 0.000175 0.010272 0.02111 0.002652 1
440 1 0.034438 0.000161 0.010335 0.021044 0.002898 1
460 1 0.035739 0.000192 0.010653 0.021686 0.003208 1
480 1 0.035495 0.000175 0.01078 0.021141 0.003399 1
500 1 0.036281 0.000176 0.011229 0.021208 0.003668 1
520 1 0.036736 0.000163 0.011551 0.021069 0.003953 1
540 1 0.037305 0.000173 0.011819 0.021047 0.004266 1
560 1 0.037864 0.000171 0.012008 0.021049 0.004636 1
580 1 0.040554 0.000156 0.014377 0.021107 0.004914 1
600 1 0.039001 0.000153 0.012564 0.021044 0.00524 1
620 1 0.03979 0.00016 0.012916 0.021047 0.005667 1
640 1 0.040278 0.000156 0.01312 0.021046 0.005956 1
660 1 0.040913 0.000167 0.013266 0.021077 0.006403 1
680 1 0.041619 0.000154 0.01372 0.021041 0.006704 1
700 1 0.042141 0.000155 0.013782 0.021041 0.007163 1
720 1 0.042812 0.000155 0.014062 0.02111 0.007485 1
740 1 0.043524 0.000155 0.014323 0.021089 0.007957 1
760 1 0.044224 0.000165 0.014515 0.021114 0.00843 1
780 1 0.044947 0.000152 0.014774 0.021266 0.008755 1
800 1 0.045411 0.000159 0.014952 0.021042 0.009258 1
820 1 0.046322 0.000153 0.015369 0.021046 0.009754 1
840 1 0.046955 0.000151 0.015565 0.021033 0.010206 1
860 1 0.047613 0.000166 0.01574 0.021043 0.010664 28
880 1 0.048352 0.000152 0.015923 0.02112 0.011157 28
900 1 0.049225 0.00016 0.016299 0.02114 0.011626 28
920 1 0.050097 0.000155 0.016528 0.021186 0.012228 28
940 1 0.050618 0.000154 0.016707 0.021092 0.012665 28
960 1 0.051496 0.00016 0.016981 0.021133 0.013222 28
980 1 0.052266 0.000165 0.017218 0.021112 0.013771 28
1000 1 0.053175 0.000159 0.01756 0.021115 0.014341 28
1020 1 0.053869 0.000155 0.017733 0.021081 0.0149 28
1040 1 0.054939 0.000158 0.018232 0.02114 0.015409 28
1060 1 0.05563 0.000137 0.018257 0.021164 0.016072 28
1080 1 0.056534 0.000153 0.018518 0.02119 0.016673 28
1100 1 0.057159 0.000155 0.018636 0.021092 0.017276 28
1120 1 0.058152 0.000159 0.019042 0.02106 0.017891 28
1140 1 0.059035 0.000157 0.019206 0.021094 0.018578 28
1160 1 0.059845 0.000162 0.019433 0.0211 0.01915 28
1180 1 0.060659 0.000156 0.019597 0.021109 0.019797 28
1200 1 0.061573 0.000157 0.019844 0.021053 0.020519 28
1220 1 0.062547 0.000156 0.02013 0.021113 0.021148 28
1240 1 0.063667 0.000166 0.020527 0.021039 0.021935 28
1260 1 0.064786 0.000154 0.020815 0.021076 0.022741 28
1280 1 0.065804 0.000169 0.020846 0.021355 0.023434 28
1300 1 0.066607 0.000158 0.021174 0.021105 0.02417 28
1320 1 0.067588 0.000161 0.021446 0.021091 0.02489 28
1340 1 0.068622 0.000161 0.021695 0.021095 0.025671 28
1360 1 0.069602 0.000158 0.022015 0.021063 0.026366 28
1380 1 0.070661 0.000167 0.022197 0.02112 0.027177 18
1400 1 0.071786 0.000158 0.022537 0.021056 0.028035 18
1420 1 0.07282 0.000159 0.022715 0.02116 0.028786 18
1440 1 0.073709 0.000157 0.022946 0.021098 0.029508 18
1460 1 0.074658 0.000159 0.023119 0.021055 0.030325 18
1480 1 0.076104 0.000155 0.023772 0.021047 0.03113 18
1500 1 0.076832 0.000163 0.023666 0.021088 0.031915 18
1520 1 0.078022 0.000166 0.023923 0.021047 0.032886 18
1540 1 0.079266 0.000158 0.02441 0.021042 0.033656 18
1560 1 0.080269 0.000155 0.024491 0.021082 0.034541 18
1580 1 0.081358 0.00016 0.024732 0.021087 0.035379 18
1600 1 0.0828 0.000156 0.025116 0.021175 0.036353 18
1620 1 0.083824 0.000151 0.025342 0.021046 0.037285 18
1640 1 0.085042 0.000156 0.025659 0.02117 0.038057 18
1660 1 0.086057 0.000153 0.02584 0.021127 0.038937 18
1680 1 0.08708 0.000155 0.026019 0.021056 0.03985 18
1700 1 0.0885 0.000164 0.026449 0.021047 0.04084 18
1720 1 0.089638 0.00016 0.026578 0.021114 0.041786 18
1740 1 0.090694 0.000158 0.026809 0.021043 0.042684 18
1760 1 0.092405 0.000155 0.027227 0.02111 0.043913 13
1780 1 0.093623 0.000153 0.027499 0.02107 0.044901 13
1800 1 0.094513 0.00017 0.027639 0.021058 0.045646 13
1820 1 0.095901 0.000157 0.028043 0.021055 0.046646 13
1840 1 0.097152 0.000158 0.028261 0.021048 0.047685 13
1860 1 0.098426 0.000161 0.028532 0.021042 0.048691 13
1880 1 0.099744 0.000157 0.028783 0.021087 0.049717 13
1900 1 0.101147 0.000164 0.029139 0.021103 0.050741 13
1920 1 0.102233 0.000158 0.029226 0.021044 0.051805 13
1940 1 0.103736 0.000154 0.029658 0.021051 0.052873 13
1960 1 0.105377 0.000157 0.029919 0.021048 0.054253 13
1980 1 0.106987 0.000155 0.029974 0.021089 0.055769 13
2000 1 0.107813 0.000153 0.030485 0.02104 0.056135 13
2020 1 0.109281 0.000163 0.030605 0.021112 0.057401 13
2040 1 0.110343 0.000151 0.030752 0.021035 0.058405 13
2060 1 0.112039 0.000158 0.031326 0.021046 0.059509 10
2080 1 0.113251 0.000134 0.031381 0.021108 0.060628 10
2100 1 0.114659 0.000137 0.031595 0.021046 0.061881 10
2120 1 0.116206 0.000148 0.031988 0.021044 0.063026 10
2140 1 0.117497 0.000161 0.031956 0.021047 0.064333 10
2160 1 0.119029 0.000152 0.032365 0.021042 0.06547 10
2180 1 0.120412 0.000156 0.0326 0.021047 0.066609 10
2200 1 0.121868 0.000157 0.032716 0.021127 0.067868 10
2220 1 0.123596 0.000154 0.033259 0.021044 0.069139 10
2240 1 0.125051 0.000152 0.033444 0.021046 0.070409 10
2260 1 0.126796 0.000153 0.033648 0.021086 0.071909 10
2280 1 0.128302 0.00015 0.0339 0.021106 0.073146 10
2300 1 0.130117 0.000159 0.03423 0.021086 0.074642 10
2320 1 0.131799 0.000163 0.03455 0.021045 0.076041 9
2340 1 0.133113 0.000153 0.034731 0.021062 0.077167 9
2360 1 0.13524 0.000155 0.035111 0.021072 0.078902 9
2380 1 0.137902 0.000162 0.035198 0.021043 0.081499 9
2400 1 0.140093 0.000159 0.035471 0.02114 0.083323 9
2420 1 0.141377 0.000153 0.035552 0.021048 0.084624 9
2440 1 0.143633 0.000152 0.035914 0.021144 0.086423 9
2460 1 0.145618 0.000149 0.036435 0.021073 0.087961 9
2480 1 0.146805 0.000166 0.036446 0.021045 0.089148 9
2500 1 0.148888 0.000154 0.036942 0.021094 0.090698 9
2520 1 0.15037 0.000153 0.036918 0.021091 0.092208 9
2540 1 0.152405 0.000155 0.037451 0.021042 0.093757 8
2560 1 0.154617 0.000151 0.037802 0.021057 0.095607 8
2580 1 0.158314 0.00016 0.03792 0.021044 0.09919 8
2600 1 0.159879 0.000154 0.038368 0.021055 0.100302 8
2620 1 0.16145 0.000158 0.038223 0.021047 0.102022 8
2640 1 0.163417 0.000153 0.038652 0.021049 0.103563 8
2660 1 0.165667 0.000156 0.039022 0.021044 0.105445 8
2680 1 0.167518 0.000156 0.039171 0.021088 0.107103 8
2700 1 0.171279 0.000157 0.039607 0.021046 0.110469 8
2720 1 0.173281 0.000152 0.039544 0.021767 0.111818 8
2740 1 0.176679 0.000159 0.039765 0.021093 0.115662 7
2760 1 0.178164 0.00015 0.040207 0.021042 0.116765 7
2780 1 0.179957 0.000157 0.040595 0.021086 0.118119 7
2800 1 0.181763 0.000159 0.040587 0.021058 0.119959 7
2820 1 0.184284 0.000152 0.041059 0.021135 0.121938 7
2840 1 0.186631 0.000156 0.041273 0.021036 0.124166 7
2860 1 0.18901 0.000152 0.041509 0.021045 0.126304 7
2880 1 0.193186 0.000153 0.041702 0.021058 0.130273 7
2900 1 0.197962 0.000165 0.042153 0.021046 0.134598 7
2920 1 0.200272 0.000156 0.04229 0.021046 0.13678 6
2940 1 0.20212 0.000151 0.042909 0.021064 0.137996 6
2960 1 0.204076 0.000152 0.042783 0.021045 0.140096 6
2980 1 0.206929 0.000154 0.042828 0.021065 0.142882 6
3000 1 0.20983 0.000158 0.043128 0.021109 0.145435 6
3020 1 0.212487 0.000151 0.043349 0.021094 0.147893 6
3040 1 0.215335 0.000154 0.043726 0.021046 0.150409 6
3060 1 0.217919 0.000153 0.04407 0.021043 0.152653 6
3080 1 0.22022 0.000152 0.044264 0.021084 0.15472 5
3100 1 0.222383 0.000157 0.044524 0.021107 0.156595 5
3120 1 0.226854 0.000153 0.045036 0.021082 0.160583 5
3140 1 0.228854 0.000154 0.045052 0.021156 0.162492 5
3160 1 0.233505 0.000151 0.045166 0.021073 0.167115 5
3180 1 0.237536 0.000154 0.045445 0.021051 0.170886 5
3200 1 0.24322 0.000152 0.045797 0.021229 0.176042 5
3220 1 0.244617 0.000162 0.046016 0.021141 0.177298 5
3240 1 0.247001 0.000152 0.046438 0.02104 0.179371 5
3260 1 0.249077 0.000158 0.046392 0.021046 0.181481 5
3280 1 0.252955 0.000153 0.047022 0.021041 0.184739 5
3300 1 0.259112 0.000149 0.049171 0.021041 0.188751 5
3320 1 0.264428 0.000158 0.049955 0.021086 0.193229 5
3340 1 0.266748 0.000152 0.04962 0.021113 0.195863 4
3360 1 0.270973 0.000155 0.048019 0.021231 0.201568 4
3380 1 0.272735 0.000152 0.047962 0.021042 0.203579 4
3400 1 0.277547 0.000154 0.048338 0.021086 0.207969 4
3420 1 0.285151 0.00015 0.052939 0.021043 0.211019 4
3440 1 0.296769 0.000157 0.056191 0.021031 0.21939 4
3460 1 0.299243 0.000151 0.049241 0.021158 0.228693 4
3480 1 0.307041 0.000154 0.050517 0.021082 0.235288 4
3500 1 0.315085 0.000153 0.053084 0.021084 0.240764 4
3520 1 0.322153 0.000154 0.054707 0.021155 0.246137 4
3540 1 0.323647 0.000154 0.050252 0.021092 0.252149 4
3560 1 0.334355 0.00015 0.055344 0.021131 0.25773 4
3580 1 0.33812 0.000151 0.054965 0.021091 0.261913 4
3600 1 0.340542 0.00015 0.050758 0.021051 0.268583 4
3620 1 0.348961 0.00015 0.053882 0.021046 0.273883 4
3640 1 0.350463 0.000162 0.051408 0.021041 0.277852 4
3660 1 0.357375 0.000159 0.054211 0.021098 0.281907 3
3680 1 0.362924 0.000149 0.056234 0.021081 0.28546 3
3700 1 0.362606 0.000152 0.053737 0.021048 0.287669 3
3720 1 0.372818 0.000155 0.055823 0.021049 0.295791 3
3740 1 0.378424 0.00016 0.053407 0.021042 0.303815 3
3760 1 0.389935 0.000149 0.058935 0.02104 0.309811 3
3780 1 0.391017 0.000155 0.056449 0.021098 0.313315 3
3800 1 0.400378 0.000153 0.060223 0.021136 0.318866 3
3820 1 0.406189 0.000156 0.060513 0.02105 0.32447 3
3840 1 0.416165 0.00016 0.064478 0.021077 0.33045 3
3860 1 0.421217 0.000152 0.065811 0.021038 0.334216 3
3880 1 0.417611 0.000154 0.060088 0.021041 0.336328 3
3900 1 0.437917 0.000154 0.068137 0.021066 0.34856 3
3920 1 0.443036 0.000158 0.067922 0.021042 0.353914 3
3940 1 0.447687 0.000151 0.064025 0.021039 0.362472 3
3960 1 0.452493 0.000149 0.064541 0.021037 0.366766 3
3980 1 0.46333 0.000155 0.069083 0.021094 0.372998 3
4000 1 0.468924 0.000151 0.071183 0.021083 0.376507 3
4020 1 0.481463 0.00015 0.072574 0.021064 0.387675 3
4040 1 0.495435 0.000156 0.073935 0.02104 0.400304 3
4060 1 0.500337 0.000157 0.073495 0.021707 0.404978 3
4080 1 0.511949 0.000151 0.076394 0.02104 0.414364 3
4100 1 0.521284 0.000152 0.074224 0.021032 0.425876 3
4120 1 0.530381 0.000133 0.071708 0.021127 0.437413 3
4140 1 0.540748 0.000133 0.070954 0.021051 0.44861 2
4160 1 0.551036 0.000133 0.071452 0.021042 0.458409 2
4180 1 0.561031 0.00015 0.07524 0.02104 0.464601 2
4200 1 0.57009 0.000148 0.073751 0.02108 0.475111 2
4220 1 0.572407 0.000154 0.0708 0.021116 0.480337 2
4240 1 0.58285 0.00015 0.07349 0.021142 0.488068 2
4260 1 0.583519 0.00015 0.070219 0.021053 0.492097 2
4280 1 0.597309 0.000154 0.075769 0.021045 0.500341 2
4300 1 0.596437 0.00015 0.071078 0.021036 0.504173 2
4320 1 0.610821 0.000164 0.074896 0.021037 0.514724 2
4340 1 0.620221 0.000156 0.076458 0.021047 0.52256 2
4360 1 0.624331 0.00015 0.073685 0.02104 0.529456 2
4380 1 0.631764 0.000145 0.076317 0.021094 0.534208 2
4400 1 0.641877 0.00015 0.079034 0.021086 0.541607 2
4420 1 0.648468 0.000151 0.078774 0.021161 0.548382 2
4440 1 0.655468 0.000149 0.078524 0.021078 0.555717 2
4460 1 0.660301 0.000152 0.078178 0.021047 0.560924 2
4480 1 0.671725 0.00015 0.078921 0.021051 0.571603 2
4500 1 0.682519 0.000149 0.081395 0.021154 0.579821 2
4520 1 0.70216 0.000155 0.085061 0.021081 0.595863 2
4540 1 0.711638 0.000148 0.086548 0.02104 0.603902 2
4560 1 0.722686 0.000151 0.088814 0.021043 0.612678 2
4580 1 0.731992 0.000149 0.092526 0.021032 0.618285 2
4600 1 0.741242 0.000159 0.094988 0.021043 0.625052 2
4620 1 0.751162 0.000159 0.096432 0.021048 0.633523 2
4640 1 0.760534 0.000148 0.096462 0.021048 0.642876 2
4660 1 0.770808 0.000152 0.098607 0.021037 0.651012 2
4680 1 0.776865 0.000152 0.094968 0.021053 0.660692 2
4700 1 0.789708 0.000151 0.101074 0.021041 0.667442 2
4720 1 0.787539 0.000152 0.094189 0.021041 0.672157 2
4740 1 0.797722 0.000154 0.096056 0.021037 0.680475 2
4760 1 0.79855 0.000152 0.090253 0.021043 0.687102 2
4780 1 0.814668 0.000158 0.092625 0.021042 0.700843 2
4800 1 0.82256 0.000148 0.09136 0.021041 0.710011 2
4820 1 0.839084 0.000151 0.093931 0.021043 0.723959 2
4840 1 0.860847 0.000153 0.101856 0.02104 0.737798 2
4860 1 0.874613 0.000223 0.106274 0.021054 0.747062 2
4880 1 0.884438 0.000151 0.108562 0.02105 0.754675 2
4900 1 0.898815 0.000154 0.108072 0.021048 0.769541 2
4920 1 0.915571 0.00016 0.108284 0.021057 0.78607 2
4940 1 0.930135 0.000152 0.104579 0.027978 0.797426 2
4960 1 0.942091 0.000152 0.106605 0.021086 0.814248 2
4980 1 0.946431 0.000152 0.106047 0.021154 0.819078 2
5000 1 0.961635 0.000151 0.103003 0.026386 0.832095 2
