"Number of Particles" "Sprites per particle" "Step time" "Emission time" "Rendering time" "LBM step time" "Update time" "FPS"
20 2 0.022023 0.000127 0.000954 0.020908 3.4e-05 1
40 2 0.022452 0.000436 0.001041 0.02091 6.5e-05 1
60 2 0.02295 0.000429 0.00144 0.02097 0.000111 1
80 2 0.023383 0.000417 0.001822 0.020948 0.000196 1
100 2 0.023788 0.000449 0.002233 0.020874 0.000232 1
120 2 0.024374 0.00046 0.002626 0.020978 0.00031 1
140 2 0.0248 0.000456 0.003059 0.020886 0.000399 1
160 2 0.025297 0.000442 0.00345 0.020907 0.000498 1
180 2 0.025828 0.000456 0.003866 0.020896 0.00061 1
200 2 0.026365 0.000444 0.004273 0.020921 0.000727 1
220 2 0.027025 0.000461 0.004679 0.021033 0.000852 1
240 2 0.027668 0.000445 0.005218 0.021008 0.000997 1
260 2 0.028096 0.000457 0.005536 0.020957 0.001146 1
280 2 0.028524 0.000449 0.005918 0.020851 0.001306 1
300 2 0.029238 0.000472 0.006414 0.02087 0.001482 1
320 2 0.029846 0.000455 0.00688 0.020851 0.00166 1
340 2 0.030387 0.000453 0.007165 0.020909 0.00186 1
360 2 0.03108 0.000469 0.007636 0.020897 0.002078 1
380 2 0.031736 0.00045 0.008083 0.020923 0.00228 1
400 2 0.032367 0.000444 0.008471 0.020859 0.002593 1
420 2 0.032991 0.000442 0.008857 0.020881 0.002811 1
440 2 0.033665 0.000454 0.009229 0.020927 0.003055 1
460 2 0.034359 0.000494 0.009658 0.020855 0.003352 1
480 2 0.034998 0.000426 0.010098 0.020915 0.003559 1
500 2 0.035816 0.000447 0.010629 0.020903 0.003837 1
520 2 0.036536 0.00044 0.011115 0.020848 0.004133 1
540 2 0.037324 0.000439 0.011544 0.02089 0.004451 1
560 2 0.038052 0.000446 0.011894 0.020917 0.004795 1
580 2 0.038751 0.00045 0.012256 0.020931 0.005114 1
600 2 0.03953 0.000272 0.012954 0.020852 0.005452 1
620 2 0.040474 0.000294 0.013428 0.020877 0.005875 1
640 2 0.041058 0.000392 0.013595 0.020854 0.006217 1
660 2 0.041909 0.000425 0.013957 0.02087 0.006657 1
680 2 0.042743 0.000418 0.014482 0.02085 0.006993 1
700 2 0.043669 0.00045 0.014888 0.02091 0.007421 1
720 2 0.044562 0.00042 0.015205 0.021045 0.007892 1
740 2 0.045414 0.000438 0.015705 0.020975 0.008296 1
760 2 0.046217 0.000424 0.016121 0.020905 0.008767 1
780 2 0.047195 0.000445 0.016519 0.021072 0.009159 1
800 2 0.048152 0.000432 0.01709 0.02096 0.00967 1
820 2 0.048829 0.000431 0.017355 0.020893 0.01015 1
840 2 0.051461 0.000497 0.019297 0.020971 0.010696 1
860 2 0.050657 0.00044 0.01814 0.02086 0.011217 1
880 2 0.051699 0.000452 0.018613 0.020942 0.011692 29
900 2 0.052562 0.000432 0.01906 0.020912 0.012158 29
920 2 0.053595 0.000427 0.019564 0.020859 0.012745 29
940 2 0.054449 0.000442 0.019862 0.020881 0.013264 29
960 2 0.05558 0.000423 0.020319 0.020862 0.013976 29
980 2 0.056614 0.000422 0.02088 0.020911 0.014401 29
1000 2 0.05742 0.000443 0.021135 0.020853 0.014989 29
1020 2 0.058443 0.000449 0.021522 0.020897 0.015575 29
1040 2 0.059613 0.000436 0.022155 0.020863 0.016159 29
1060 2 0.060597 0.000404 0.022518 0.020903 0.016772 29
1080 2 0.061568 0.000432 0.022839 0.020876 0.017421 29
1100 2 0.06271 0.000429 0.02342 0.020858 0.018003 29
1120 2 0.063769 0.000437 0.023851 0.020857 0.018624 29
1140 2 0.065025 0.000448 0.024286 0.020992 0.019299 29
1160 2 0.065857 0.000452 0.02454 0.020899 0.019966 29
1180 2 0.066952 0.000434 0.02501 0.020907 0.020601 29
1200 2 0.068122 0.000441 0.02553 0.020875 0.021276 29
1220 2 0.069296 0.000441 0.026023 0.020855 0.021977 29
1240 2 0.070376 0.000474 0.026356 0.020851 0.022695 29
1260 2 0.071577 0.000451 0.026807 0.020862 0.023457 29
1280 2 0.072554 0.000433 0.027087 0.020914 0.02412 29
1300 2 0.073769 0.000444 0.027556 0.020866 0.024903 29
1320 2 0.075123 0.000432 0.028013 0.020895 0.025783 29
1340 2 0.076391 0.000444 0.028521 0.020856 0.02657 29
1360 2 0.077517 0.000435 0.028846 0.020892 0.027344 16
1380 2 0.078923 0.000441 0.029464 0.020861 0.028157 16
1400 2 0.080101 0.000436 0.029841 0.020852 0.028972 16
1420 2 0.081564 0.000458 0.030483 0.020887 0.029736 16
1440 2 0.082498 0.000415 0.030695 0.020848 0.03054 16
1460 2 0.083626 0.000425 0.030961 0.020865 0.031375 16
1480 2 0.084947 0.000432 0.031472 0.020844 0.032199 16
1500 2 0.086345 0.000446 0.031949 0.020865 0.033085 16
1520 2 0.08749 0.000436 0.032292 0.020853 0.033909 16
1540 2 0.088934 0.000444 0.032769 0.020912 0.034809 16
1560 2 0.090321 0.000433 0.033273 0.020949 0.035666 16
1580 2 0.091568 0.000434 0.033605 0.020853 0.036676 16
1600 2 0.093721 0.000429 0.03409 0.020842 0.03836 16
1620 2 0.094219 0.000405 0.034362 0.020934 0.038518 16
1640 2 0.095917 0.00044 0.034907 0.021052 0.039518 16
1660 2 0.096952 0.000429 0.035312 0.020925 0.040286 16
1680 2 0.098304 0.000507 0.035694 0.020849 0.041254 16
1700 2 0.099862 0.000426 0.036315 0.020885 0.042236 12
1720 2 0.101421 0.000434 0.036766 0.020855 0.043366 12
1740 2 0.104038 0.000508 0.038465 0.020865 0.0442 12
1760 2 0.104497 0.000427 0.037529 0.020924 0.045617 12
1780 2 0.106711 0.000434 0.038763 0.020894 0.04662 12
1800 2 0.109247 0.000429 0.039958 0.020853 0.048007 12
1820 2 0.113172 0.000435 0.042713 0.020847 0.049177 12
1840 2 0.117915 0.000439 0.046252 0.020867 0.050357 12
1860 2 0.117255 0.000437 0.044556 0.020845 0.051417 12
1880 2 0.118816 0.000429 0.044934 0.020846 0.052607 12
1900 2 0.121901 0.000432 0.046912 0.020845 0.053712 12
1920 2 0.123985 0.000421 0.047796 0.020929 0.054839 12
1940 2 0.126277 0.000444 0.04882 0.020854 0.056159 12
1960 2 0.126709 0.00042 0.048175 0.020909 0.057205 12
1980 2 0.131185 0.000426 0.049937 0.021009 0.059813 9
2000 2 0.130387 0.000429 0.047919 0.020885 0.061154 9
2020 2 0.136891 0.000438 0.052315 0.020857 0.063281 9
2040 2 0.13569 0.000439 0.050017 0.020842 0.064392 9
2060 2 0.143381 0.000436 0.056412 0.02085 0.065683 9
2080 2 0.142019 0.000414 0.053988 0.020849 0.066768 9
2100 2 0.139559 0.0004 0.050041 0.020938 0.06818 9
2120 2 0.147861 0.000429 0.057001 0.020871 0.06956 9
2140 2 0.15042 0.000434 0.057793 0.020998 0.071195 9
2160 2 0.148388 0.000441 0.054872 0.020844 0.072231 9
2180 2 0.155809 0.000425 0.060567 0.020846 0.073971 9
2200 2 0.157252 0.000433 0.061072 0.020858 0.074889 7
2220 2 0.159701 0.000433 0.062072 0.020842 0.076354 7
2240 2 0.159299 0.000417 0.059422 0.020889 0.078571 7
2260 2 0.161181 0.000423 0.059962 0.020848 0.079948 7
2280 2 0.166805 0.000426 0.064585 0.020837 0.080957 7
2300 2 0.170753 0.000439 0.065981 0.020846 0.083487 7
2320 2 0.172205 0.000425 0.066542 0.020907 0.084331 7
2340 2 0.173429 0.000429 0.066443 0.020853 0.085704 7
2360 2 0.171874 0.000423 0.062139 0.020843 0.088469 7
2380 2 0.177349 0.000406 0.066597 0.020896 0.08945 7
2400 2 0.184643 0.000413 0.069436 0.02088 0.093914 6
2420 2 0.187645 0.000421 0.07086 0.021033 0.095331 6
2440 2 0.191578 0.000492 0.073384 0.02086 0.096842 6
2460 2 0.193218 0.000437 0.073637 0.020887 0.098257 6
2480 2 0.195413 0.000422 0.073791 0.020847 0.100353 6
2500 2 0.199744 0.000411 0.076528 0.020847 0.101958 6
2520 2 0.203522 0.000424 0.076601 0.020837 0.10566 6
2540 2 0.206798 0.000444 0.077543 0.020839 0.107972 6
2560 2 0.209989 0.000421 0.077938 0.020854 0.110776 6
2580 2 0.216003 0.000433 0.080288 0.020884 0.114398 6
2600 2 0.219656 0.000417 0.081586 0.020929 0.116724 6
2620 2 0.219959 0.000429 0.078111 0.020901 0.120518 6
2640 2 0.224743 0.000427 0.077646 0.020857 0.125813 6
2660 2 0.22718 0.000421 0.076341 0.020842 0.129576 6
2680 2 0.235391 0.000422 0.081658 0.020837 0.132474 6
2700 2 0.242932 0.000432 0.084977 0.020887 0.136636 5
2720 2 0.24861 0.000424 0.086446 0.020844 0.140896 5
2740 2 0.250475 0.000417 0.086409 0.02086 0.142789 5
2760 2 0.253453 0.000407 0.087234 0.020879 0.144933 5
2780 2 0.250538 0.000433 0.082343 0.020967 0.146795 5
2800 2 0.265657 0.000425 0.089417 0.020889 0.154926 5
2820 2 0.273 0.000422 0.09078 0.020886 0.160912 4
2840 2 0.277638 0.000418 0.092043 0.020837 0.16434 4
2860 2 0.275288 0.000415 0.087097 0.020888 0.166888 4
2880 2 0.285008 0.000488 0.094931 0.020926 0.168663 4
2900 2 0.287659 0.000425 0.095278 0.020886 0.17107 4
2920 2 0.288309 0.000417 0.09312 0.020857 0.173915 4
2940 2 0.293553 0.00043 0.095655 0.020849 0.176619 4
2960 2 0.297896 0.000425 0.097109 0.02087 0.179492 4
2980 2 0.298945 0.000424 0.093261 0.020906 0.184354 4
3000 2 0.310267 0.000415 0.098536 0.020847 0.190469 4
3020 2 0.31383 0.000422 0.098034 0.020904 0.19447 4
3040 2 0.324036 0.000261 0.101066 0.020928 0.201781 4
3060 2 0.330763 0.000427 0.100355 0.020883 0.209098 4
3080 2 0.333862 0.000426 0.099615 0.020848 0.212973 4
3100 2 0.340836 0.000393 0.103945 0.021028 0.21547 4
3120 2 0.341028 0.000427 0.101067 0.020836 0.218698 4
3140 2 0.350055 0.000426 0.106362 0.020867 0.2224 3
3160 2 0.349762 0.000421 0.104123 0.020867 0.224351 3
3180 2 0.358234 0.000419 0.106616 0.020849 0.23035 3
3200 2 0.362566 0.000428 0.10676 0.020877 0.234501 3
3220 2 0.375327 0.000399 0.111141 0.020846 0.242941 3
3240 2 0.376567 0.000418 0.109186 0.020854 0.246109 3
3260 2 0.384174 0.000419 0.107951 0.021147 0.254657 3
3280 2 0.393925 0.000417 0.112615 0.020883 0.26001 3
3300 2 0.398444 0.000416 0.110597 0.020884 0.266547 3
3320 2 0.40477 0.000418 0.113308 0.020875 0.270169 3
3340 2 0.410544 0.000434 0.11425 0.020847 0.275013 3
3360 2 0.418343 0.000418 0.113879 0.021122 0.282924 3
3380 2 0.422658 0.000408 0.114044 0.020859 0.287347 3
3400 2 0.434285 0.000423 0.11958 0.020829 0.293453 3
3420 2 0.433206 0.00042 0.11793 0.020947 0.293909 3
3440 2 0.436555 0.000414 0.115589 0.020843 0.299709 3
3460 2 0.445535 0.000415 0.119417 0.020942 0.304761 3
3480 2 0.452788 0.00041 0.121537 0.020895 0.309946 3
3500 2 0.462098 0.000423 0.123641 0.02085 0.317184 3
3520 2 0.447637 0.000442 0.111273 0.020778 0.315144 3
3540 2 0.453024 0.000431 0.109007 0.020796 0.32279 3
3560 2 0.45244 0.00042 0.107386 0.020778 0.323856 3
3580 2 0.460647 0.000427 0.109371 0.020787 0.330062 3
3600 2 0.47242 0.00042 0.115998 0.020785 0.335217 3
3620 2 0.475968 0.000429 0.115975 0.020795 0.338769 3
3640 2 0.482384 0.000421 0.116962 0.020791 0.34421 3
3660 2 0.488567 0.00042 0.116738 0.020799 0.35061 3
3680 2 0.494745 0.000432 0.116094 0.020782 0.357437 3
3700 2 0.506722 0.000427 0.116399 0.020787 0.369109 3
3720 2 0.520418 0.000426 0.120585 0.020779 0.378628 3
3740 2 0.528871 0.000429 0.123187 0.02079 0.384465 3
3760 2 0.538919 0.000424 0.123637 0.020793 0.394065 3
3780 2 0.542407 0.000424 0.122809 0.020789 0.398385 2
3800 2 0.552417 0.000415 0.125755 0.020822 0.405425 2
3820 2 0.564233 0.00043 0.125186 0.020789 0.417828 2
3840 2 0.568978 0.000404 0.12804 0.020779 0.419755 2
3860 2 0.578752 0.000434 0.126643 0.020788 0.430887 2
3880 2 0.588686 0.000421 0.12962 0.020777 0.437868 2
3900 2 0.597959 0.00043 0.130043 0.02079 0.446696 2
3920 2 0.610414 0.000419 0.132082 0.020782 0.457131 2
3940 2 0.621433 0.000433 0.133096 0.020833 0.467071 2
3960 2 0.629798 0.000424 0.134695 0.020779 0.4739 2
3980 2 0.637787 0.000405 0.135267 0.020794 0.481321 2
4000 2 0.638331 0.000421 0.131994 0.020795 0.485121 2
4020 2 0.656836 0.000427 0.135005 0.020799 0.500605 2
4040 2 0.661684 0.000406 0.136087 0.020787 0.504404 2
4060 2 0.672756 0.000424 0.138763 0.020789 0.51278 2
4080 2 0.683372 0.000408 0.138154 0.020793 0.524017 2
4100 2 0.687509 0.000415 0.138165 0.020788 0.528141 2
4120 2 0.699989 0.000393 0.139555 0.020789 0.539252 2
4140 2 0.722039 0.000401 0.142551 0.020831 0.558256 2
4160 2 0.72716 0.000396 0.143761 0.020795 0.562208 2
4180 2 0.732279 0.000399 0.143311 0.020801 0.567768 2
4200 2 0.747265 0.000418 0.142568 0.02078 0.583499 2
4220 2 0.756818 0.000263 0.145145 0.020791 0.590619 2
4240 2 0.768249 0.00027 0.146916 0.020789 0.600274 2
4260 2 0.779026 0.000268 0.147208 0.020788 0.610762 2
4280 2 0.790256 0.000268 0.149591 0.020776 0.619621 2
4300 2 0.810505 0.000269 0.14828 0.020787 0.641169 2
4320 2 0.821772 0.000259 0.149949 0.020777 0.650787 2
4340 2 0.834646 0.000267 0.151424 0.020791 0.662164 2
4360 2 0.832741 0.000261 0.150444 0.020776 0.66126 2
4380 2 0.848225 0.00027 0.152794 0.020824 0.674337 2
4400 2 0.85945 0.000263 0.153783 0.020784 0.68462 2
4420 2 0.870241 0.000266 0.155044 0.020796 0.694135 2
4440 2 0.880929 0.000269 0.154009 0.020779 0.705872 2
4460 2 0.902677 0.000268 0.155035 0.020796 0.726578 2
4480 2 0.910546 0.000267 0.15762 0.020778 0.731881 2
4500 2 0.915102 0.000264 0.158524 0.020787 0.735527 2
4520 2 0.926735 0.000266 0.158829 0.020789 0.746851 2
4540 2 0.939455 0.00027 0.15766 0.020787 0.760738 2
4560 2 0.9582 0.000267 0.160407 0.020777 0.776749 2
4580 2 0.960039 0.000261 0.160763 0.020786 0.778229 2
4600 2 0.977605 0.000258 0.160511 0.020833 0.796003 2
4620 2 0.998737 0.000268 0.16189 0.020787 0.815792 2
4640 2 1.00673 0.00027 0.162886 0.020778 0.822799 2
4660 2 1.02102 0.000262 0.16319 0.020788 0.836777 2
4680 2 1.03468 0.000257 0.163623 0.020822 0.849976 1
4700 2 1.04693 0.000256 0.164169 0.020787 0.861714 1
4720 2 1.06784 0.000269 0.166649 0.020822 0.8801 1
4740 2 1.07762 0.000258 0.165886 0.0208 0.890679 1
4760 2 1.09862 0.000266 0.167441 0.02078 0.910133 1
4780 2 1.11429 0.000267 0.168756 0.020789 0.924475 1
4800 2 1.13198 0.000265 0.166718 0.020788 0.94421 1
4820 2 1.15608 0.00026 0.170077 0.020788 0.964958 1
4840 2 1.17813 0.000268 0.170107 0.020857 0.986895 1
4860 2 1.18713 0.000267 0.170968 0.020788 0.995111 1
4880 2 1.20443 0.000263 0.171667 0.02078 1.01172 1
4900 2 1.22829 0.000269 0.170213 0.02079 1.03702 1
4920 2 1.24797 0.00026 0.173693 0.020779 1.05324 1
4940 2 1.26421 0.000264 0.173136 0.020847 1.06996 1
4960 2 1.27615 0.000262 0.174168 0.020779 1.08094 1
4980 2 1.29065 0.000268 0.174707 0.020789 1.09488 1
5000 2 1.30903 0.000265 0.174104 0.020777 1.11388 1
