"Number of Particles" "Sprites per particle" "Step time" "Emission time" "Rendering time" "LBM step time" "Update time" "FPS"
20 1 0.027783 0.000209 0.006654 0.02089 3e-05 1
40 1 0.023911 0.000409 0.002196 0.021251 5.5e-05 1
60 1 0.024802 0.000395 0.002435 0.021876 9.6e-05 1
80 1 0.024408 0.000408 0.002572 0.021286 0.000142 1
100 1 0.02534 0.000397 0.002893 0.021845 0.000205 1
120 1 0.02501 0.000401 0.003108 0.021226 0.000275 1
140 1 0.029109 0.000516 0.005648 0.022576 0.000369 1
160 1 0.025747 0.000429 0.003604 0.021264 0.00045 1
180 1 0.026651 0.000433 0.003789 0.021873 0.000556 1
200 1 0.026324 0.000426 0.003975 0.021255 0.000668 1
220 1 0.027443 0.000431 0.004395 0.021817 0.0008 1
240 1 0.027187 0.000434 0.004543 0.021279 0.000931 1
260 1 0.030548 0.000428 0.007552 0.021482 0.001086 1
280 1 0.027845 0.000426 0.00495 0.021231 0.001238 1
300 1 0.029002 0.000438 0.005302 0.021849 0.001413 1
320 1 0.028782 0.000406 0.005881 0.020923 0.001572 1
340 1 0.029814 0.000424 0.006183 0.021419 0.001788 1
360 1 0.029661 0.000429 0.006379 0.020883 0.00197 1
380 1 0.033035 0.000408 0.009568 0.020889 0.00217 1
400 1 0.030881 0.000459 0.006957 0.021065 0.0024 1
420 1 0.031608 0.000395 0.00764 0.020945 0.002628 1
440 1 0.031618 0.000435 0.007378 0.020923 0.002882 1
460 1 0.032907 0.000408 0.008103 0.021267 0.003129 1
480 1 0.032819 0.000437 0.00794 0.020984 0.003458 1
500 1 0.03617 0.000422 0.011102 0.020926 0.00372 1
520 1 0.033763 0.000416 0.008525 0.02087 0.003952 1
540 1 0.036228 0.000401 0.009045 0.022536 0.004246 1
560 1 0.039241 0.000244 0.012095 0.022341 0.004561 1
580 1 0.037672 0.000218 0.010894 0.020945 0.005615 1
600 1 0.036012 0.000341 0.009435 0.020978 0.005258 1
620 1 0.039572 0.000608 0.012447 0.020941 0.005576 1
640 1 0.038 0.000724 0.010372 0.020878 0.006026 1
660 1 0.039082 0.000629 0.010593 0.020933 0.006927 1
680 1 0.038448 0.000338 0.010549 0.020901 0.00666 1
700 1 0.039964 0.000686 0.011229 0.020883 0.007166 1
720 1 0.040796 0.00019 0.011555 0.020872 0.008179 1
740 1 0.043459 0.000341 0.013611 0.020945 0.008562 1
760 1 0.041914 0.000338 0.011704 0.020871 0.009001 1
780 1 0.042663 0.000343 0.011914 0.021012 0.009394 1
800 1 0.043272 0.00035 0.012202 0.020869 0.009851 1
820 1 0.043856 0.000354 0.012335 0.020943 0.010224 1
840 1 0.044583 0.000342 0.012615 0.020872 0.010754 1
860 1 0.047512 0.000349 0.01503 0.020887 0.011246 1
880 1 0.046094 0.000352 0.013161 0.020868 0.011713 1
900 1 0.046814 0.000355 0.013336 0.02093 0.012193 30
920 1 0.049472 0.000355 0.015434 0.020977 0.012706 30
940 1 0.048457 0.000363 0.013841 0.020877 0.013376 30
960 1 0.049243 0.000348 0.01412 0.020937 0.013838 30
980 1 0.052141 0.000346 0.016537 0.020936 0.014322 30
1000 1 0.050728 0.000354 0.014628 0.020917 0.014829 30
1020 1 0.051584 0.000356 0.014848 0.020932 0.015448 30
1040 1 0.052575 0.000359 0.015154 0.020962 0.0161 30
1060 1 0.053247 0.00033 0.015421 0.020905 0.016591 30
1080 1 0.054146 0.000371 0.015655 0.020881 0.017239 30
1100 1 0.057131 0.000355 0.018007 0.021622 0.017147 30
1120 1 0.055824 0.000385 0.01609 0.02087 0.018479 30
1140 1 0.056755 0.000356 0.016392 0.021205 0.018802 30
1160 1 0.05758 0.000363 0.01666 0.021499 0.019058 30
1180 1 0.058448 0.000394 0.016758 0.020924 0.020372 30
1200 1 0.059311 0.000362 0.017109 0.021486 0.020354 30
1220 1 0.060296 0.000392 0.017371 0.021467 0.021066 30
1240 1 0.061087 0.000388 0.017552 0.021446 0.021701 30
1260 1 0.062341 0.000389 0.017886 0.020981 0.023085 30
1280 1 0.063188 0.000366 0.018136 0.021563 0.023123 30
1300 1 0.064417 0.000409 0.018425 0.021477 0.024106 30
1320 1 0.065021 0.000384 0.018625 0.021465 0.024547 30
1340 1 0.066302 0.000398 0.018919 0.021698 0.025287 30
1360 1 0.067053 0.000366 0.019211 0.02145 0.026026 30
1380 1 0.068132 0.000397 0.019448 0.021504 0.026783 30
1400 1 0.070386 0.000394 0.021732 0.02082 0.02744 30
1420 1 0.072951 0.000224 0.022843 0.021625 0.028259 18
1440 1 0.071446 0.000391 0.020259 0.021642 0.029154 18
1460 1 0.072231 0.000391 0.020478 0.021477 0.029885 18
1480 1 0.073415 0.000389 0.020742 0.021572 0.030712 18
1500 1 0.074454 0.000404 0.021056 0.021474 0.03152 18
1520 1 0.075679 0.00039 0.021327 0.021493 0.032469 18
1540 1 0.076657 0.000372 0.021624 0.021493 0.033168 18
1560 1 0.077938 0.000387 0.021769 0.021677 0.034105 18
1580 1 0.079507 0.000388 0.021988 0.021769 0.035362 18
1600 1 0.080082 0.000384 0.022375 0.021557 0.035766 18
1620 1 0.081118 0.000388 0.02252 0.021553 0.036657 18
1640 1 0.082311 0.000387 0.022887 0.021442 0.037595 18
1660 1 0.083766 0.000391 0.02304 0.02188 0.038455 18
1680 1 0.08481 0.000387 0.023496 0.021543 0.039384 18
1700 1 0.085941 0.000389 0.023661 0.021583 0.040308 18
1720 1 0.087122 0.000405 0.023983 0.021467 0.041267 18
1740 1 0.08809 0.000388 0.02403 0.021482 0.04219 18
1760 1 0.089452 0.000395 0.024447 0.021523 0.043087 18
1780 1 0.090748 0.000259 0.0248 0.021576 0.044113 18
1800 1 0.092044 0.000389 0.025051 0.021568 0.045036 13
1820 1 0.093391 0.000406 0.025118 0.021492 0.046375 13
1840 1 0.09471 0.000388 0.02541 0.021542 0.04737 13
1860 1 0.095841 0.000385 0.025549 0.021455 0.048452 13
1880 1 0.09717 0.000391 0.02597 0.021456 0.049353 13
1900 1 0.098495 0.000387 0.026208 0.021493 0.050407 13
1920 1 0.099747 0.000396 0.02642 0.021478 0.051453 13
1940 1 0.101156 0.000391 0.026688 0.021479 0.052598 13
1960 1 0.102521 0.000383 0.027007 0.021543 0.053588 13
1980 1 0.104472 0.0004 0.027245 0.021477 0.05535 13
2000 1 0.107502 0.000381 0.027385 0.023257 0.056479 13
2020 1 0.107217 0.000334 0.027953 0.021477 0.057453 13
2040 1 0.108391 0.000399 0.027896 0.021471 0.058625 13
2060 1 0.109975 0.000333 0.028392 0.021454 0.059796 13
2080 1 0.111233 0.00031 0.028551 0.021525 0.060847 13
2100 1 0.112787 0.00031 0.028825 0.021557 0.062095 10
2120 1 0.114314 0.000323 0.029148 0.02161 0.063233 10
2140 1 0.115435 0.000334 0.029236 0.021449 0.064416 10
2160 1 0.117494 0.000334 0.029602 0.021459 0.066099 10
2180 1 0.11992 0.000331 0.029808 0.021785 0.067996 10
2200 1 0.121169 0.000325 0.030196 0.021468 0.06918 10
2220 1 0.122614 0.000336 0.030281 0.021526 0.070471 10
2240 1 0.124256 0.000332 0.03075 0.021503 0.071671 10
2260 1 0.125693 0.000329 0.030895 0.021475 0.072994 10
2280 1 0.127204 0.000331 0.03113 0.021539 0.074204 10
2300 1 0.128604 0.000322 0.031293 0.021511 0.075478 10
2320 1 0.130339 0.000336 0.031584 0.021518 0.076901 10
2340 1 0.134054 0.000327 0.033617 0.020854 0.079256 10
2360 1 0.138597 0.000631 0.036368 0.020912 0.080686 9
2380 1 0.136323 0.000341 0.032325 0.021532 0.082125 9
2400 1 0.137966 0.000327 0.032716 0.02145 0.083473 9
2420 1 0.139719 0.000325 0.03292 0.021472 0.085002 9
2440 1 0.14271 0.000316 0.033206 0.021593 0.087595 9
2460 1 0.144474 0.000324 0.033453 0.02151 0.089187 9
2480 1 0.146557 0.000323 0.033708 0.021646 0.09088 9
2500 1 0.14865 0.000321 0.034707 0.021538 0.092084 9
2520 1 0.151667 0.000326 0.034184 0.021541 0.095616 9
2540 1 0.153548 0.000333 0.034472 0.021616 0.097127 9
2560 1 0.15499 0.00033 0.034759 0.021444 0.098457 9
2580 1 0.156855 0.000325 0.035173 0.021465 0.099892 7
2600 1 0.162403 0.000327 0.036967 0.020835 0.104274 7
2620 1 0.166625 0.000608 0.039007 0.021074 0.105936 7
2640 1 0.165771 0.00033 0.035863 0.021465 0.108113 7
2660 1 0.167493 0.00032 0.036097 0.021499 0.109577 7
2680 1 0.169495 0.000321 0.036438 0.021462 0.111274 7
2700 1 0.170934 0.000326 0.036338 0.021515 0.112755 7
2720 1 0.173278 0.000323 0.036784 0.021437 0.114734 7
2740 1 0.17732 0.000332 0.037766 0.021141 0.118081 7
2760 1 0.178591 0.000324 0.037338 0.021415 0.119514 6
2780 1 0.180666 0.00033 0.038274 0.020877 0.121185 6
2800 1 0.182651 0.00032 0.037932 0.021459 0.12294 6
2820 1 0.184756 0.000323 0.038755 0.020875 0.124803 6
2840 1 0.187207 0.000325 0.038852 0.020871 0.127159 6
2860 1 0.191974 0.000377 0.039386 0.02088 0.131331 6
2880 1 0.193648 0.000331 0.039428 0.020915 0.132974 6
2900 1 0.196062 0.000321 0.039904 0.020875 0.134962 6
2920 1 0.19921 0.000322 0.040068 0.020876 0.137944 6
2940 1 0.203842 0.000317 0.040346 0.02088 0.142299 6
2960 1 0.205693 0.000318 0.040603 0.021357 0.143415 6
2980 1 0.207455 0.000327 0.040865 0.020928 0.145335 6
3000 1 0.210869 0.000322 0.042513 0.0208 0.147234 6
3020 1 0.215356 0.000614 0.044155 0.020889 0.149698 6
3040 1 0.217481 0.000151 0.041749 0.022663 0.152918 6
3060 1 0.219041 0.000326 0.041822 0.020871 0.156022 6
3080 1 0.221824 0.000322 0.042436 0.020877 0.158189 6
3100 1 0.225511 0.000321 0.04236 0.020911 0.161919 5
3120 1 0.229835 0.00032 0.042573 0.020869 0.166073 5
3140 1 0.232173 0.000315 0.042975 0.020876 0.168007 5
3160 1 0.241408 0.000327 0.043151 0.020914 0.177016 5
3180 1 0.244688 0.000321 0.0435 0.020878 0.179989 5
3200 1 0.246669 0.000324 0.043529 0.02086 0.181956 5
3220 1 0.25293 0.000311 0.044064 0.021077 0.187478 5
3240 1 0.255216 0.000317 0.044054 0.020922 0.189923 5
3260 1 0.259115 0.000327 0.044484 0.020893 0.193411 5
3280 1 0.264265 0.000323 0.044561 0.020867 0.198514 5
3300 1 0.267051 0.000313 0.04501 0.020874 0.200854 5
3320 1 0.273837 0.000322 0.046118 0.020911 0.206486 5
3340 1 0.276646 0.000317 0.045478 0.020964 0.209887 5
3360 1 0.283175 0.000325 0.04689 0.020862 0.215098 4
3380 1 0.286265 0.000306 0.046055 0.02088 0.219024 4
3400 1 0.291435 0.000317 0.04871 0.020872 0.221536 4
3420 1 0.297718 0.001115 0.050314 0.020937 0.225352 4
3440 1 0.297827 0.000376 0.048945 0.021522 0.226984 4
3460 1 0.303501 0.000365 0.050788 0.020918 0.23143 4
3480 1 0.307658 0.000323 0.052433 0.020954 0.233948 4
3500 1 0.311322 0.000326 0.050206 0.021113 0.239677 4
3520 1 0.31414 0.000315 0.049106 0.02091 0.243809 4
3540 1 0.320023 0.000317 0.051661 0.020932 0.247113 4
3560 1 0.324896 0.000318 0.05202 0.020867 0.251691 4
3580 1 0.330051 0.000323 0.052932 0.020877 0.255919 4
3600 1 0.335705 0.000314 0.050904 0.020868 0.263619 4
3620 1 0.341897 0.000318 0.049086 0.020939 0.271554 4
3640 1 0.34448 0.000308 0.050675 0.020863 0.272634 4
3660 1 0.351119 0.000321 0.051636 0.020922 0.27824 4
3680 1 0.355908 0.000323 0.049754 0.020875 0.284956 3
3700 1 0.360662 0.000313 0.052504 0.020921 0.286924 3
3720 1 0.367383 0.00032 0.053595 0.020948 0.29252 3
3740 1 0.373851 0.000304 0.052977 0.020876 0.299694 3
3760 1 0.378312 0.000319 0.053874 0.020919 0.3032 3
3780 1 0.39751 0.000313 0.057768 0.02093 0.318499 3
3800 1 0.398849 0.000314 0.055206 0.020876 0.322453 3
3820 1 0.40729 0.000317 0.059447 0.020883 0.326643 3
3840 1 0.413802 0.000311 0.061179 0.020872 0.33144 3
3860 1 0.418721 0.000315 0.059434 0.020874 0.338098 3
3880 1 0.424935 0.000321 0.062041 0.020864 0.341709 3
3900 1 0.432074 0.000321 0.065397 0.020875 0.345481 3
3920 1 0.441188 0.000313 0.066503 0.020863 0.353509 3
3940 1 0.446959 0.000315 0.068028 0.020872 0.357744 3
3960 1 0.455185 0.000314 0.067807 0.020923 0.366141 3
3980 1 0.465863 0.00031 0.071781 0.021556 0.372216 3
4000 1 0.472326 0.000316 0.070764 0.020919 0.380327 3
4020 1 0.479969 0.000319 0.072059 0.020985 0.386606 3
4040 1 0.482413 0.000316 0.070513 0.020858 0.390726 3
4060 1 0.487874 0.000314 0.071654 0.020885 0.395021 3
4080 1 0.495322 0.000307 0.071388 0.020912 0.402715 3
4100 1 0.502541 0.000313 0.072887 0.020882 0.408459 3
4120 1 0.508585 0.00036 0.073562 0.020862 0.413801 3
4140 1 0.515234 0.000291 0.073141 0.020905 0.420897 3
4160 1 0.528859 0.000293 0.072805 0.02093 0.434831 2
4180 1 0.539628 0.000304 0.073814 0.021008 0.444502 2
4200 1 0.545286 0.00031 0.073383 0.020862 0.450731 2
4220 1 0.55307 0.000303 0.073423 0.020943 0.458401 2
4240 1 0.564853 0.001072 0.074132 0.020865 0.468784 2
4260 1 0.565237 0.000306 0.069877 0.020881 0.474173 2
4280 1 0.57469 0.000312 0.071217 0.020857 0.482304 2
4300 1 0.583791 0.00031 0.073474 0.020877 0.48913 2
4320 1 0.587067 0.000312 0.072384 0.02088 0.493491 2
4340 1 0.59344 0.000309 0.069683 0.020874 0.502574 2
4360 1 0.605425 0.000305 0.073256 0.020885 0.510979 2
4380 1 0.617259 0.000603 0.079384 0.020944 0.516328 2
4400 1 0.619574 0.000606 0.076367 0.02106 0.521541 2
4420 1 0.63201 0.000313 0.073173 0.020918 0.537606 2
4440 1 0.64958 0.000307 0.077842 0.020867 0.550564 2
4460 1 0.653612 0.000297 0.076876 0.020921 0.555518 2
4480 1 0.671784 0.000318 0.079191 0.020891 0.571384 2
4500 1 0.68917 0.000308 0.081885 0.020916 0.586061 2
4520 1 0.69307 0.000308 0.08116 0.020876 0.590726 2
4540 1 0.710306 0.000313 0.083657 0.020914 0.605422 2
4560 1 0.724838 0.000306 0.084403 0.020858 0.619271 2
4580 1 0.732988 0.000305 0.087636 0.020878 0.624169 2
4600 1 0.750491 0.000308 0.088496 0.020879 0.640808 2
4620 1 0.761995 0.000309 0.092499 0.020868 0.648319 2
4640 1 0.78096 0.000308 0.095229 0.020868 0.664555 2
4660 1 0.789646 0.000306 0.097149 0.020869 0.671322 2
4680 1 0.793507 0.000301 0.09777 0.020862 0.674574 2
4700 1 0.793339 0.000313 0.093713 0.020907 0.678406 2
4720 1 0.809941 0.000315 0.092959 0.020894 0.695773 2
4740 1 0.816099 0.000311 0.089719 0.020931 0.705138 2
4760 1 0.829417 0.000368 0.088698 0.020859 0.719492 2
4780 1 0.845453 0.000314 0.090189 0.020883 0.734067 2
4800 1 0.858226 0.000302 0.090111 0.020961 0.746852 2
4820 1 0.872539 0.000309 0.092092 0.020871 0.759267 2
4840 1 0.891302 0.000308 0.098761 0.020871 0.771362 2
4860 1 0.90346 0.000307 0.100262 0.020911 0.78198 2
4880 1 0.919841 0.000305 0.105834 0.020875 0.792827 2
4900 1 0.932101 0.000309 0.108002 0.020999 0.802791 2
4920 1 0.944813 0.000306 0.109836 0.020895 0.813776 2
4940 1 0.958453 0.000306 0.106126 0.020917 0.831104 2
4960 1 0.960519 0.000309 0.106551 0.020901 0.832758 2
4980 1 0.984988 0.000319 0.105202 0.026677 0.85279 2
5000 1 0.992987 0.000305 0.101398 0.020873 0.870411 2
