"Number of Particles" "Sprites per particle" "Step time" "Emission time" "Rendering time" "LBM step time" "Update time"
100 8 0.031332 0.001571 0.01018 0.019173 0.000408 1
200 8 0.040378 0.001683 0.018255 0.019359 0.001081 1
300 8 0.049147 0.001683 0.026369 0.018947 0.002148 1
400 8 0.05873 0.001687 0.034593 0.018952 0.003498 1
500 8 0.068905 0.001695 0.043058 0.018963 0.005189 1
600 8 0.080014 0.001695 0.051959 0.019074 0.007286 1
700 8 0.091706 0.001635 0.061125 0.019536 0.00941 1
800 8 0.100431 0.001697 0.067821 0.018943 0.01197 1
900 8 0.112071 0.001683 0.076571 0.018953 0.014864 1
1000 8 0.123532 0.001682 0.084651 0.018947 0.018252 1
1100 8 0.144042 0.001805 0.101751 0.018955 0.021531 1
1200 8 0.150146 0.001742 0.103611 0.019136 0.025657 1
1300 8 0.161951 0.001846 0.111225 0.018959 0.029921 1
1400 8 0.178676 0.001855 0.122351 0.019022 0.035448 1
1500 8 0.198748 0.001835 0.138778 0.018971 0.039164 10
1600 8 0.203757 0.001852 0.137118 0.019124 0.045663 10
1700 8 0.229855 0.001872 0.158053 0.019015 0.050915 10
1800 8 0.24662 0.003503 0.164108 0.018945 0.060064 10
1900 8 0.253199 0.001828 0.165974 0.019162 0.066235 10
2000 8 0.275957 0.001847 0.181744 0.018949 0.073417 10
2100 8 0.291595 0.001853 0.18594 0.020207 0.083595 10
2200 8 0.319644 0.001855 0.195668 0.019051 0.10307 4
2300 8 0.388605 0.00183 0.215036 0.019254 0.152485 4
2400 8 0.505124 0.005572 0.313041 0.022228 0.164283 4
2500 8 0.384583 0.001853 0.231775 0.018949 0.132006 4
2600 8 0.411527 0.001874 0.242232 0.018962 0.148459 3
2700 8 0.434873 0.001886 0.245802 0.019027 0.168158 3
2800 8 0.463439 0.001887 0.25392 0.018966 0.188666 3
2900 8 0.495875 0.003137 0.261803 0.018955 0.21198 3
3000 8 0.53543 0.001889 0.26884 0.019027 0.245674 3
3100 8 0.574849 0.003196 0.280454 0.019046 0.272153 3
3200 8 0.614033 0.001886 0.288536 0.018972 0.304639 3
3300 8 0.693257 0.001898 0.294318 0.018971 0.37807 2
3400 8 0.715671 0.003082 0.304647 0.018984 0.388958 2
3500 8 0.789546 0.001879 0.3021 0.019087 0.46648 2
3600 8 0.83748 0.001882 0.323268 0.018988 0.493342 2
3700 8 0.941998 0.003013 0.330016 0.018948 0.590021 2
3800 8 0.924525 0.001721 0.331769 0.018964 0.572071 2
3900 8 1.00037 0.001734 0.348464 0.018978 0.631192 2
4000 8 1.09429 0.002931 0.369461 0.018937 0.702959 2
4100 8 1.21608 0.001718 0.37446 0.018955 0.820952 2
4200 8 1.25797 0.00171 0.379906 0.019151 0.857208 1
4300 8 1.40505 0.001643 0.381485 0.018953 1.00297 1
4400 8 1.48714 0.002904 0.390655 0.018953 1.07463 1
4500 8 1.58601 0.00164 0.403989 0.018949 1.16143 1
4600 8 1.71913 0.001657 0.413961 0.018955 1.28455 1
4700 8 1.81515 0.001654 0.412331 0.01905 1.38212 1
4800 8 1.92169 0.00283 0.430081 0.019022 1.46976 1
4900 8 2.13103 0.001795 0.443273 0.01895 1.66702 1
5000 8 2.26939 0.002845 0.475231 0.018955 1.77236 1
5100 8 2.41844 0.002953 0.457745 0.018949 1.9388 1
5200 8 2.98707 0.001812 0.449635 0.019128 2.5165 1
5300 8 2.58354 0.001809 0.483115 0.018961 2.07966 1
5400 8 2.69943 0.001793 0.48006 0.018986 2.19859 1
5500 8 2.84999 0.001805 0.495318 0.01899 2.33387 1
5600 8 3.11717 0.001813 0.517522 0.019 2.57884 1
5700 8 3.43628 0.001793 0.516152 0.019091 2.89924 1
5800 8 4.03804 0.001798 0.506189 0.019156 3.5109 1
5900 8 4.20484 0.001812 0.516879 0.019129 3.66702 1
6000 8 3.79092 0.002981 0.524734 0.019125 3.24408 1
6100 8 3.89427 0.001795 0.577743 0.018946 3.29579 1
6200 8 4.00284 0.001818 0.524584 0.018944 3.45749 1
6300 8 4.16068 0.001842 0.53836 0.018959 3.60151 1
6400 8 4.3098 0.001815 0.540644 0.018963 3.74838 1
6500 8 4.50944 0.002971 0.549494 0.018977 3.938 1
6600 8 4.69035 0.001814 0.558518 0.01895 4.11107 1
6700 8 4.85709 0.001816 0.568892 0.018952 4.26743 1
6800 8 5.07112 0.003048 0.574736 0.018963 4.47438 1
6900 8 5.26941 0.001808 0.585795 0.018952 4.66286 1
7000 8 5.49988 0.001805 0.59375 0.018956 4.88537 1
7100 8 5.61667 0.001812 0.60055 0.018955 4.99536 1
7200 8 5.8478 0.001802 0.610013 0.018948 5.21703 1
7300 8 6.04132 0.001798 0.619385 0.018964 5.40118 1
7400 8 6.22438 0.00181 0.625439 0.018952 5.57818 1
7500 8 6.50865 0.001804 0.63764 0.019156 5.85005 1
7600 8 6.58739 0.003049 0.64793 0.018962 5.91745 1
7700 8 6.82973 0.001787 0.653861 0.018962 6.15512 1
7800 8 7.00888 0.002779 0.659593 0.018949 6.32756 1
7900 8 7.23166 0.001815 0.667298 0.01895 6.5436 1
8000 8 7.45014 0.003031 0.680203 0.01896 6.74794 1
8100 8 7.64731 0.001796 0.694839 0.018984 6.93169 1
8200 8 7.88617 0.001807 0.696712 0.018982 7.16866 1
8300 8 8.09134 0.001759 0.702456 0.018959 7.36817 1
8400 8 8.27366 0.001808 0.714752 0.01918 7.53792 1
8500 8 8.49152 0.001804 0.727962 0.018951 7.7428 1
8600 8 8.70616 0.001815 0.728389 0.018957 7.957 1
8700 8 8.90845 0.003153 0.739819 0.018963 8.14652 1
8800 8 9.14093 0.001804 0.749493 0.019034 8.3706 1
8900 8 9.38113 0.001808 0.754561 0.018961 8.60581 1
9000 8 9.56845 0.001813 0.76438 0.018964 8.78329 1
9100 8 9.78989 0.003001 0.772638 0.018951 8.9953 1
9200 8 10.023 0.001639 0.779685 0.018949 9.22275 1
9300 8 10.2785 0.001642 0.784618 0.018962 9.47328 1
9400 8 10.4852 0.001639 0.793755 0.018954 9.67088 1
9500 8 10.7036 0.002906 0.803869 0.018964 9.87785 1
9600 8 10.9476 0.001635 0.81295 0.019025 10.114 1
9700 8 11.194 0.001645 0.821645 0.018948 10.3517 1
9800 8 11.4669 0.002829 0.847453 0.018958 10.5977 1
9900 8 11.7045 0.00162 0.85546 0.018957 10.8285 1
10000 8 11.9396 0.001639 0.865381 0.018954 11.0536 1
