"Number of Particles" "Sprites per particle" "Step time" "Emission time" "Rendering time" "LBM step time" "Update time"
100 2 0.022299 0.000436 0.002565 0.019054 0.000244 1
200 2 0.029686 0.003839 0.005062 0.020053 0.000732 1
300 2 0.031308 0.001757 0.007996 0.020076 0.001479 1
400 2 0.032809 0.000847 0.010008 0.01944 0.002514 1
500 2 0.034631 0.000609 0.01128 0.018935 0.003807 1
600 2 0.038612 0.000665 0.013589 0.018936 0.005422 1
700 2 0.043697 0.000657 0.015919 0.01914 0.007981 1
800 2 0.047214 0.000625 0.017394 0.018991 0.010204 1
900 2 0.051811 0.000635 0.019423 0.018912 0.012841 1
1000 2 0.057065 0.000638 0.021655 0.019972 0.0148 1
1100 2 0.061648 0.000659 0.02369 0.019523 0.017776 1
1200 2 0.0671 0.000648 0.02577 0.019569 0.021113 1
1300 2 0.073 0.000665 0.028087 0.019521 0.024727 1
1400 2 0.078754 0.000658 0.029947 0.019532 0.028617 1
1500 2 0.085029 0.00066 0.032205 0.019491 0.032673 1
1600 2 0.091424 0.000657 0.034197 0.019515 0.037055 1
1700 2 0.099076 0.000665 0.037173 0.018915 0.042323 1
1800 2 0.105989 0.000662 0.039155 0.018914 0.047258 1
1900 2 0.113424 0.00066 0.041266 0.018918 0.05258 1
2000 2 0.122972 0.000655 0.043439 0.018918 0.05996 1
2100 2 0.133594 0.000661 0.045755 0.018916 0.068262 1
2200 2 0.143869 0.000609 0.047607 0.019008 0.076645 1
2300 2 0.154342 0.000638 0.049718 0.018914 0.085072 14
2400 2 0.165749 0.000655 0.051897 0.018919 0.094278 14
2500 2 0.178995 0.000657 0.054491 0.018987 0.10486 14
2600 2 0.188772 0.00065 0.055979 0.018913 0.11323 14
2700 2 0.202327 0.000654 0.058323 0.018922 0.124428 14
2800 2 0.216357 0.000657 0.060345 0.020859 0.134496 14
2900 2 0.229837 0.000652 0.0626 0.018912 0.147673 14
3000 2 0.249906 0.000654 0.064421 0.018916 0.165915 14
3100 2 0.268076 0.000641 0.066517 0.018917 0.182001 5
3200 2 0.313086 0.00065 0.069072 0.018913 0.224451 5
3300 2 0.314024 0.000633 0.072586 0.018918 0.221887 5
3400 2 0.341648 0.000656 0.073076 0.018911 0.249005 5
3500 2 0.372762 0.000648 0.075216 0.019014 0.277884 5
3600 2 0.397571 0.000641 0.077151 0.01892 0.300859 4
3700 2 0.430524 0.000641 0.079262 0.018918 0.331703 4
3800 2 0.471832 0.000636 0.085298 0.019134 0.366764 4
3900 2 0.510893 0.000451 0.085486 0.018931 0.406025 4
4000 2 0.596422 0.000628 0.085877 0.018989 0.490928 3
4100 2 0.596509 0.000637 0.088066 0.018952 0.488854 3
4200 2 0.636092 0.000557 0.089974 0.018912 0.526649 3
4300 2 0.700198 0.000642 0.092114 0.01892 0.588522 2
4400 2 0.764066 0.00063 0.094259 0.018911 0.650266 2
4500 2 0.835838 0.000635 0.096208 0.018942 0.720053 2
4600 2 0.86692 0.000622 0.098726 0.01895 0.748622 2
4700 2 0.940584 0.000625 0.100541 0.018927 0.820491 2
4800 2 1.01447 0.000633 0.103224 0.018919 0.891699 2
4900 2 1.08265 0.000632 0.104813 0.018916 0.958287 2
5000 2 1.15666 0.000628 0.107445 0.018939 1.02965 1
5100 2 1.24341 0.00063 0.11007 0.018918 1.11379 1
5200 2 1.31172 0.000639 0.111524 0.018912 1.18065 1
5300 2 1.3969 0.000627 0.113547 0.018914 1.26381 1
5400 2 1.64419 0.00059 0.117013 0.018949 1.50764 1
5500 2 1.59745 0.000629 0.117685 0.018918 1.46022 1
5600 2 1.71605 0.000623 0.119785 0.018926 1.57672 1
5700 2 1.82283 0.000628 0.122778 0.018929 1.6805 1
5800 2 1.93775 0.000627 0.126332 0.018924 1.79187 1
5900 2 2.09623 0.000629 0.127238 0.019084 1.94928 1
6000 2 2.17719 0.000624 0.128313 0.018938 2.02931 1
6100 2 2.3392 0.00062 0.130419 0.018945 2.18922 1
6200 2 2.45591 0.000616 0.132226 0.01893 2.30414 1
6300 2 2.58035 0.000624 0.13528 0.018917 2.42553 1
6400 2 2.72683 0.000619 0.137543 0.018944 2.56972 1
6500 2 2.84118 0.000617 0.138934 0.018919 2.68271 1
6600 2 2.97551 0.000621 0.140895 0.018915 2.81508 1
6700 2 3.10017 0.000572 0.143502 0.018951 2.93714 1
6800 2 3.34512 0.000571 0.145466 0.018916 3.18017 1
6900 2 3.37978 0.000575 0.146502 0.018912 3.21379 1
7000 2 3.75657 0.000579 0.151415 0.018926 3.58565 1
7100 2 3.72393 0.000572 0.156926 0.019045 3.54739 1
7200 2 3.91938 0.000565 0.160238 0.018922 3.73966 1
7300 2 4.01675 0.000564 0.164058 0.018998 3.83313 1
7400 2 4.18753 0.000573 0.164741 0.018914 4.00331 1
7500 2 4.36585 0.000621 0.162431 0.018916 4.18388 1
7600 2 4.51303 0.000617 0.167404 0.018989 4.32602 1
7700 2 4.68116 0.00057 0.170757 0.018931 4.49091 1
7800 2 4.82386 0.000569 0.175391 0.018915 4.62899 1
7900 2 5.01044 0.000571 0.175202 0.01902 4.81565 1
8000 2 5.20632 0.000563 0.174047 0.018917 5.01279 1
8100 2 5.35094 0.000706 0.189088 0.019032 5.14211 1
8200 2 5.46231 0.00071 0.197956 0.018929 5.24471 1
8300 2 5.66135 0.000566 0.187931 0.018995 5.45386 1
8400 2 5.83567 0.001547 0.197295 0.018931 5.6179 1
8500 2 5.98423 0.000462 0.195116 0.018927 5.76972 1
8600 2 6.12299 0.000468 0.185726 0.018942 5.91785 1
8700 2 6.31743 0.000462 0.209481 0.018929 6.08856 1
8800 2 6.51381 0.000462 0.19178 0.018923 6.30265 1
8900 2 6.63677 0.000459 0.201149 0.018923 6.41624 1
9000 2 6.85311 0.001677 0.20157 0.019137 6.63073 1
9100 2 7.03838 0.000593 0.205015 0.018931 6.81384 1
9200 2 7.20115 0.001687 0.215059 0.019018 6.96538 1
9300 2 7.38463 0.000566 0.208722 0.018935 7.1564 1
9400 2 7.58221 0.000567 0.207211 0.018915 7.35551 1
9500 2 7.73208 0.000567 0.208483 0.018951 7.50408 1
9600 2 8.38281 0.00057 0.229801 0.018906 8.13354 1
9700 2 8.05352 0.000573 0.210907 0.018925 7.82312 1
9800 2 8.23822 0.000573 0.221049 0.019068 7.99753 1
9900 2 8.45537 0.000572 0.216558 0.0189 8.21934 1
10000 2 8.62622 0.000567 0.218592 0.018978 8.38808 1
